2021 super output area - middle layer,mnemonic,Aged 14 years and under,Aged 15 to 29 years,Aged 30 to 59 years,Aged 60 years and over
Hartlepool 001,E02002483,18.7,17.4,40.5,23.5
Hartlepool 002,E02002484,19.7,17.8,37.9,24.7
Hartlepool 003,E02002485,20.9,17.1,38.4,23.4
Hartlepool 007,E02002489,17.7,20.8,38,23.2
Hartlepool 008,E02002490,19.4,17.3,39.2,24.1
Hartlepool 009,E02002491,19.6,17.4,36.4,26.6
Hartlepool 010,E02002492,18.2,16,38.2,27.7
Hartlepool 011,E02002493,14.7,15,37.1,33.2
Hartlepool 012,E02002494,22.3,19,37,21.7
Hartlepool 014,E02006909,13.4,13.6,39,34.2
Hartlepool 015,E02007059,14.8,18.2,40.1,26.9
Middlesbrough 001,E02002496,16.8,37.4,34.7,11.1
Middlesbrough 002,E02002497,22.9,21,38.4,17.8
Middlesbrough 003,E02002498,20.5,29.5,36.8,13.4
Middlesbrough 004,E02002499,25,20.9,35.4,18.7
Middlesbrough 005,E02002500,19.7,20.1,39.1,20.9
Middlesbrough 006,E02002501,23.3,17.5,39.4,19.8
Middlesbrough 007,E02002502,22,18.5,36.3,23.2
Middlesbrough 008,E02002503,24,19.6,38.1,18.3
Middlesbrough 009,E02002504,19.7,19.4,39.2,21.8
Middlesbrough 010,E02002505,25.2,19.9,36.6,18.3
Middlesbrough 011,E02002506,20.2,20.5,38.4,20.9
Middlesbrough 012,E02002507,17.8,16.8,39.3,26
Middlesbrough 013,E02002508,16.5,16.7,36.1,30.7
Middlesbrough 014,E02002509,18.5,17.2,35.6,28.8
Middlesbrough 015,E02002510,16.2,15.2,37.3,31.1
Middlesbrough 017,E02002512,14.9,14,37.5,33.6
Middlesbrough 018,E02002513,18.2,17.9,36.9,27.2
Middlesbrough 019,E02002514,15.5,15.3,39.4,29.7
Middlesbrough 020,E02006811,17.4,15,37.7,29.8
Redcar and Cleveland 001,E02002515,14.4,17.9,40.5,27
Redcar and Cleveland 002,E02002516,19.4,17.2,37.9,25.6
Redcar and Cleveland 003,E02002517,18.3,17.6,37.2,26.9
Redcar and Cleveland 004,E02002518,15.2,15.1,39.4,30.3
Redcar and Cleveland 005,E02002519,18.9,14.8,36.4,30
Redcar and Cleveland 006,E02002520,14.3,14,37.5,34.2
Redcar and Cleveland 007,E02002521,12.2,11.1,37.6,39.1
Redcar and Cleveland 009,E02002523,26.5,19.5,36.8,17.2
Redcar and Cleveland 010,E02002524,16.8,15.1,36.9,31.2
Redcar and Cleveland 011,E02002525,14.5,15.1,37.6,32.7
Redcar and Cleveland 012,E02002526,17.1,15.6,39.2,28.2
Redcar and Cleveland 013,E02002527,20.1,17.2,37,25.7
Redcar and Cleveland 015,E02002529,16,16.4,37.2,30.3
Redcar and Cleveland 016,E02002530,14.4,15.2,37.6,32.9
Redcar and Cleveland 018,E02002532,16.5,16.1,38.6,29
Redcar and Cleveland 019,E02002533,16.6,13.3,36.5,33.7
Redcar and Cleveland 020,E02002534,11.6,11.9,34,42.5
Redcar and Cleveland 021,E02006812,16.7,15.4,36.8,31
Redcar and Cleveland 022,E02006910,18.5,17.2,38.1,26.3
Stockton-on-Tees 001,E02002535,14.4,14.9,39.7,31
Stockton-on-Tees 002,E02002536,17.8,15.5,38.8,28
Stockton-on-Tees 003,E02002537,21.3,17.8,39.1,21.7
Stockton-on-Tees 004,E02002538,17.8,15.3,37.8,29
Stockton-on-Tees 005,E02002539,16.6,13.4,40,30
Stockton-on-Tees 006,E02002540,13.8,12.4,35.5,38.2
Stockton-on-Tees 007,E02002541,15.2,14.5,40.5,29.7
Stockton-on-Tees 008,E02002542,20.6,17.8,38.8,22.9
Stockton-on-Tees 009,E02002543,23.6,17.9,39.2,19.4
Stockton-on-Tees 010,E02002544,16.1,20.6,42.7,20.5
Stockton-on-Tees 011,E02002545,14.3,13.8,36.8,35.1
Stockton-on-Tees 012,E02002546,20.3,18.5,41.1,20.2
Stockton-on-Tees 013,E02002547,14.2,13,35.1,37.9
Stockton-on-Tees 015,E02002549,14.3,13.5,35.5,36.5
Stockton-on-Tees 016,E02002550,16.9,14.4,40.5,28.1
Stockton-on-Tees 017,E02002551,17.9,21.2,41.4,19.6
Stockton-on-Tees 018,E02002552,21.1,16.6,40.5,21.8
Stockton-on-Tees 019,E02002553,19,15.7,38.9,26.4
Stockton-on-Tees 020,E02002554,17.6,16.6,34.4,31.4
Stockton-on-Tees 021,E02002555,18.3,14,38.8,28.9
Stockton-on-Tees 022,E02002556,16.3,15.9,40.4,27.4
Stockton-on-Tees 024,E02002558,15.7,13.6,38.9,31.8
Stockton-on-Tees 025,E02007060,19.2,21.1,42.3,17.3
Stockton-on-Tees 026,E02007061,24.5,23.3,40.7,11.6
Stockton-on-Tees 027,E02007062,25.8,17.8,45.5,11
Stockton-on-Tees 028,E02007063,22,17.2,47.2,13.6
Darlington 001,E02002559,17.1,14.4,42.2,26.3
Darlington 002,E02002560,17.7,16.5,41.2,24.7
Darlington 003,E02002561,14,14.1,37.7,34.2
Darlington 004,E02002562,16.4,18.1,40.6,24.9
Darlington 005,E02002563,16,14.1,37,33
Darlington 006,E02002564,18.3,16.6,40.5,24.6
Darlington 009,E02002567,21.3,18.8,38.3,21.6
Darlington 010,E02002568,14.9,13.5,38.3,33.2
Darlington 011,E02002569,14.1,11.2,35.4,39.2
Darlington 012,E02002570,16.4,18.2,39.3,26.2
Darlington 013,E02002571,20.6,17.5,40,21.9
Darlington 014,E02002572,20.5,18.5,41.3,19.9
Darlington 015,E02002573,17,13.7,38.7,30.4
Darlington 016,E02007058,15.4,21.3,42.4,20.9
County Durham 002,E02004290,13.3,14.6,39.4,32.8
County Durham 005,E02004291,16.6,16.8,41.6,24.8
County Durham 007,E02004292,13.8,14.4,37.2,34.5
County Durham 011,E02004293,17.4,18.2,39.7,24.7
County Durham 013,E02004294,12.9,13.2,39.8,34.2
County Durham 015,E02004295,15.1,15.5,38.4,31.3
County Durham 019,E02004296,16,16.9,41,26.2
County Durham 001,E02004297,15.6,14.2,40.4,29.8
County Durham 003,E02004298,15.1,13,39.8,31.9
County Durham 004,E02004299,15.8,15,38.3,30.9
County Durham 006,E02004300,17.4,15.3,38.3,28.9
County Durham 008,E02004301,19.6,18.2,39.8,22.5
County Durham 009,E02004302,17.3,17.4,39.6,25.8
County Durham 010,E02004303,14.2,16.3,41.7,27.8
County Durham 012,E02004304,18.7,15.2,40.4,25.6
County Durham 014,E02004305,19.7,17.2,40.4,22.6
County Durham 020,E02004306,16.7,11.2,37.1,34.9
County Durham 024,E02004307,15.3,15.2,40.7,28.9
County Durham 022,E02004308,12.3,11.5,42.8,33.1
County Durham 023,E02004309,16.5,15.5,39.9,28.2
County Durham 026,E02004310,16.7,15.9,39.7,27.7
County Durham 027,E02004311,15.2,15.6,39.3,29.7
County Durham 028,E02004312,13.7,12.8,35.9,37.6
County Durham 029,E02004313,14.4,33,32.9,19.7
County Durham 030,E02004314,2,80.7,9.7,7.5
County Durham 033,E02004315,15,33.1,33.8,17.9
County Durham 031,E02004316,17.6,15.7,41.6,25
County Durham 038,E02004317,14.7,15.1,38.6,31.5
County Durham 041,E02004318,15.5,15.1,40.1,29.3
County Durham 044,E02004319,16,17.1,41.1,25.7
County Durham 016,E02004320,15.9,13.9,40.9,29.5
County Durham 017,E02004321,16.4,15.9,39.5,28.2
County Durham 018,E02004322,19.5,18,36.3,26.2
County Durham 021,E02004323,16.5,16.5,41.5,25.6
County Durham 025,E02004324,16.2,15,40.3,28.6
County Durham 032,E02004325,20.2,19.1,38.1,22.7
County Durham 034,E02004326,18.1,17.5,39.8,24.6
County Durham 036,E02004327,15.1,16.1,37.6,31
County Durham 035,E02004328,18.8,18.6,38.8,23.9
County Durham 037,E02004329,13.6,16.6,37.5,32.2
County Durham 039,E02004330,14.3,14.5,37.4,33.8
County Durham 040,E02004331,16.8,16.9,39.5,26.8
County Durham 043,E02004332,17.2,16.7,40.7,25.4
County Durham 047,E02004333,13.1,13.5,37.5,36
County Durham 048,E02004334,16.7,16.4,39.3,27.6
County Durham 049,E02004335,19.8,18.5,39.5,22.2
County Durham 050,E02004336,15.4,14.2,37.3,33.4
County Durham 052,E02004337,16.8,17.1,40.4,25.9
County Durham 053,E02004338,15.5,17.7,40.6,26.1
County Durham 054,E02004339,15,12.7,39.3,33
County Durham 059,E02004340,17.2,16.2,39,27.4
County Durham 060,E02004341,14.3,15.9,39.5,30.2
County Durham 061,E02004342,22.9,21,36.1,19.9
County Durham 062,E02004343,16.6,16,38,29.5
County Durham 063,E02004344,16.3,13.8,37,32.7
County Durham 064,E02004345,13.6,13.1,37.6,35.6
County Durham 042,E02004348,12.5,10.2,38,39.4
County Durham 045,E02004349,18.4,17.2,38.2,26.3
County Durham 046,E02004350,15.7,14.2,39.5,30.7
County Durham 051,E02004351,17.8,15.9,38.2,28.1
County Durham 055,E02004352,17,17.3,39.4,26.2
County Durham 056,E02004353,14.5,14,38.6,32.8
County Durham 057,E02004354,17.8,15.1,40.1,27
County Durham 058,E02004355,18.7,17.7,37.3,26.1
County Durham 067,E02007022,13.1,14.6,34.8,37.6
Northumberland 004,E02005702,13.2,11.8,35.1,40.1
Northumberland 005,E02005703,13,14.9,36.3,35.9
Northumberland 006,E02005704,13.1,12.5,36.1,38.3
Northumberland 007,E02005705,12,9.9,35.2,43
Northumberland 001,E02005706,16.5,14.7,36,33
Northumberland 002,E02005707,12.2,11.9,34.5,41.4
Northumberland 003,E02005708,11.2,10.3,33.5,45.1
Northumberland 022,E02005709,20.9,19.3,37,22.7
Northumberland 023,E02005710,15.7,16.5,41,26.7
Northumberland 024,E02005711,18.4,17,36.4,28.1
Northumberland 025,E02005712,20.3,19.5,39.8,20.6
Northumberland 026,E02005713,13.9,13.5,37.2,35.5
Northumberland 029,E02005715,18.2,17.4,38.3,25.8
Northumberland 030,E02005717,12.8,11.9,36.8,38.3
Northumberland 031,E02005718,12.1,12.1,34.6,41
Northumberland 032,E02005719,14.4,16.2,41.1,28.3
Northumberland 008,E02005720,13,14.8,40.4,31.8
Northumberland 011,E02005721,14.9,13.4,39.4,32.1
Northumberland 015,E02005722,15.7,13,40.1,31.4
Northumberland 016,E02005723,13.4,12.7,35.3,38.5
Northumberland 018,E02005724,15.9,10.4,35.6,38.2
Northumberland 033,E02005725,15,11.7,34.7,38.7
Northumberland 034,E02005726,15.2,13.6,36.1,35
Northumberland 019,E02005727,13.1,10.7,37.5,38.6
Northumberland 037,E02005728,13.4,12.5,35.5,38.3
Northumberland 036,E02005729,14.3,12,38.9,35
Northumberland 035,E02005730,13.9,12.9,35.7,37.4
Northumberland 038,E02005731,16.3,15.4,40.6,27.8
Northumberland 040,E02005733,14,11.9,35.8,38.2
Northumberland 009,E02005734,16,14.9,35,34.1
Northumberland 010,E02005735,19.3,19.1,39.1,22.4
Northumberland 013,E02005736,19.4,16.9,39.6,24
Northumberland 017,E02005739,14.7,14.9,38.1,32.4
Northumberland 020,E02005740,16.8,16.5,39.8,26.9
Northumberland 021,E02005741,14.8,13.9,39.3,31.9
Northumberland 041,E02007105,14.8,16.1,38.9,30.2
Northumberland 042,E02007106,15.9,16.5,40.8,26.8
Northumberland 043,E02007107,13.2,10.2,34.2,42.4
Newcastle upon Tyne 002,E02001709,17.1,15.2,39.1,28.6
Newcastle upon Tyne 003,E02001710,17.7,18.6,38.9,24.7
Newcastle upon Tyne 004,E02001711,19.1,17.6,38.6,24.8
Newcastle upon Tyne 005,E02001712,15.3,20,39.1,25.6
Newcastle upon Tyne 006,E02001713,17,15.7,40.9,26.5
Newcastle upon Tyne 007,E02001714,17.2,15.4,42.1,25.2
Newcastle upon Tyne 008,E02001715,22.1,17.7,40.3,19.7
Newcastle upon Tyne 011,E02001718,19.3,18.2,39.7,22.8
Newcastle upon Tyne 012,E02001719,14.4,18.7,40.9,26
Newcastle upon Tyne 013,E02001720,4.6,67.1,16.2,12.1
Newcastle upon Tyne 014,E02001721,16.4,16.9,39.1,27.7
Newcastle upon Tyne 015,E02001722,19.4,16.9,37.2,26.6
Newcastle upon Tyne 016,E02001723,22.4,19.1,40.8,17.7
Newcastle upon Tyne 017,E02001724,4.8,61.7,20.4,13.2
Newcastle upon Tyne 018,E02001725,8.4,44.7,35.1,11.7
Newcastle upon Tyne 019,E02001726,19.8,19,39.9,21.1
Newcastle upon Tyne 020,E02001727,16.2,16.5,39.7,27.8
Newcastle upon Tyne 021,E02001728,17.4,16.8,39.5,26.2
Newcastle upon Tyne 022,E02001729,19.5,34.9,36,9.6
Newcastle upon Tyne 025,E02001732,20.3,16.6,40,23.2
Newcastle upon Tyne 027,E02001734,21.7,18.8,38.3,21.1
Newcastle upon Tyne 028,E02001735,21.6,19.4,38.4,20.4
Newcastle upon Tyne 030,E02001737,21.1,17.5,39,22.3
Newcastle upon Tyne 031,E02006893,14.2,14.4,34.7,36.7
Newcastle upon Tyne 032,E02007095,22.5,17,44.8,15.8
Newcastle upon Tyne 033,E02007096,17.4,15.2,41.3,26.2
Newcastle upon Tyne 034,E02007097,5.6,66.8,19.4,8.1
Newcastle upon Tyne 035,E02007098,18.2,20.7,39.5,21.7
Newcastle upon Tyne 036,E02007099,2.7,71.4,20.2,5.9
Newcastle upon Tyne 037,E02007100,3.2,73.9,17,6.1
Newcastle upon Tyne 038,E02007101,29.1,21.1,38.6,11.2
Newcastle upon Tyne 039,E02007102,11.5,48.9,29.7,9.9
Newcastle upon Tyne 040,E02007103,18.4,23.6,41.7,16.3
Newcastle upon Tyne 041,E02007104,22.7,19.9,42.9,14.5
North Tyneside 001,E02001738,16.3,10.6,35.1,38.1
North Tyneside 002,E02001739,14.4,15.9,39.4,30.4
North Tyneside 003,E02001740,19.9,11.8,40.2,28.1
North Tyneside 004,E02001741,14.3,12.8,38.2,34.8
North Tyneside 005,E02001742,15,12.1,39.2,33.6
North Tyneside 006,E02001743,16.9,14,44.5,24.5
North Tyneside 007,E02001744,18.3,15.3,43.9,22.4
North Tyneside 008,E02001745,18.2,16.7,39.8,25.2
North Tyneside 009,E02001746,17,15.3,40.7,27
North Tyneside 010,E02001747,14.5,10.7,38.1,36.8
North Tyneside 011,E02001748,19.7,16.3,44,20
North Tyneside 012,E02001749,15.8,13.8,39.8,30.7
North Tyneside 013,E02001750,16.1,12.8,39.1,32.1
North Tyneside 014,E02001751,17,15.6,40.7,26.4
North Tyneside 015,E02001752,20,17.1,40.1,22.9
North Tyneside 016,E02001753,14.1,12.8,41,32
North Tyneside 017,E02001754,14.1,12.9,41.5,31.5
North Tyneside 018,E02001755,17.6,15.1,43.2,24
North Tyneside 019,E02001756,17.7,17.2,43.4,21.7
North Tyneside 020,E02001757,14.4,14.1,39.8,31.8
North Tyneside 021,E02001758,17.5,14.2,39.4,28.7
North Tyneside 022,E02001759,12.3,16.5,43.3,28
North Tyneside 023,E02001760,22.1,19.5,39.4,19
North Tyneside 024,E02001761,15.1,15.9,37.3,31.5
North Tyneside 025,E02001762,16.9,17.4,39.4,26.3
North Tyneside 026,E02001763,16.4,18,39.8,25.7
North Tyneside 027,E02001764,16.4,17.3,42.2,24
North Tyneside 028,E02001765,19.6,17.3,41.5,21.6
North Tyneside 029,E02001766,17.2,20.5,42.3,19.8
North Tyneside 030,E02001767,14.9,16.9,42.3,25.9
South Tyneside 001,E02001768,16.5,16.8,41.5,25.3
South Tyneside 002,E02001769,15.6,17.9,42.8,23.8
South Tyneside 003,E02001770,12,17,41.2,29.9
South Tyneside 004,E02001771,18.1,14.1,36.4,31.6
South Tyneside 005,E02001772,15,15.5,39.3,30.3
South Tyneside 006,E02001773,13.4,12.2,34.9,39.3
South Tyneside 007,E02001774,16.3,15.6,40.9,27.2
South Tyneside 008,E02001775,18.4,16.6,37.9,27.1
South Tyneside 009,E02001776,18.4,17.5,41.1,23
South Tyneside 010,E02001777,15.4,17.5,43,24.2
South Tyneside 011,E02001778,14.8,18,40.5,26.7
South Tyneside 012,E02001779,16.6,17.3,38.3,27.9
South Tyneside 013,E02001780,17.9,14.9,37.8,29.4
South Tyneside 014,E02001781,20.2,17.2,38.6,23.9
South Tyneside 015,E02001782,19.4,15.3,40,25.3
South Tyneside 016,E02001783,23.7,17.8,38.2,20.4
South Tyneside 017,E02001784,17.2,16.5,38.4,27.8
South Tyneside 018,E02001785,15.2,13.5,37.5,33.9
South Tyneside 019,E02001786,16.7,15.7,39.7,27.8
South Tyneside 020,E02001787,16.7,14.7,37.9,30.5
South Tyneside 021,E02001788,16.5,15.7,39.3,28.5
South Tyneside 022,E02001789,14.4,12.3,37.4,35.8
South Tyneside 023,E02001790,15.9,13.8,38.8,31.3
Sunderland 001,E02001791,13.3,14.6,39.7,32.7
Sunderland 002,E02001792,11.4,13.3,38.4,36.9
Sunderland 003,E02001793,19.7,19.2,39.5,21.7
Sunderland 004,E02001794,19,17.4,38,25.5
Sunderland 005,E02001795,16.3,15.5,39.7,28.5
Sunderland 006,E02001796,12.2,17.2,38.5,32
Sunderland 007,E02001797,14.2,15.5,39.5,30.8
Sunderland 008,E02001798,17.5,17.7,39.1,25.8
Sunderland 009,E02001799,19.5,18.3,38.6,23.5
Sunderland 010,E02001800,15.7,16.5,38.5,29.4
Sunderland 011,E02001801,17.2,23.3,40.1,19.6
Sunderland 012,E02001802,21.5,18.9,38.7,20.9
Sunderland 013,E02001803,11.8,34,36.7,17.6
Sunderland 014,E02001804,16.8,16.3,40,27
Sunderland 015,E02001805,13.3,14.6,38.5,33.5
Sunderland 016,E02001806,16.7,18.4,40.2,24.6
Sunderland 017,E02001807,20.1,15.9,40.7,23.2
Sunderland 018,E02001808,18.5,19.6,39.9,22.1
Sunderland 019,E02001809,15.4,13.8,36.3,34.2
Sunderland 020,E02001810,15.4,14.9,40.4,29.3
Sunderland 021,E02001811,17.8,16.9,39.4,26.1
Sunderland 022,E02001812,13.2,14.2,37.1,35.7
Sunderland 023,E02001813,20.1,19.1,40,20.7
Sunderland 024,E02001814,16.4,16.1,40.5,26.9
Sunderland 025,E02001815,14.4,13.7,36.3,35.3
Sunderland 026,E02001816,15.2,15.8,38.1,30.8
Sunderland 027,E02001817,17.5,16.6,38.1,27.9
Sunderland 028,E02001818,18.8,17,41.6,22.6
Sunderland 029,E02001819,12.7,13.4,36.4,37.5
Sunderland 030,E02001820,18.2,16.9,40.9,24.2
Sunderland 031,E02001821,14.1,15.6,41.5,28.8
Sunderland 032,E02001822,14.9,16.1,41.7,27.2
Sunderland 033,E02001823,18.3,17.3,40.8,23.5
Sunderland 034,E02001824,17.1,15.2,37.1,30.6
Sunderland 035,E02001825,13.5,16.1,37.3,33.2
Sunderland 036,E02001826,20,17.1,38.9,24
Gateshead 001,E02001682,16.7,14.8,40.5,28.2
Gateshead 002,E02001683,15,14.5,40.2,30.2
Gateshead 003,E02001684,18.1,18.3,40,23.4
Gateshead 004,E02001685,18.6,17.9,40.5,23.3
Gateshead 005,E02001686,13.6,14.4,38.9,33.1
Gateshead 007,E02001688,16.6,18.8,46.3,18.3
Gateshead 008,E02001689,21.2,20.5,37.6,20.9
Gateshead 009,E02001690,15.3,15.4,41.4,27.9
Gateshead 010,E02001691,19.5,21.5,43.4,15.6
Gateshead 011,E02001692,21.4,18.8,41.2,18.6
Gateshead 012,E02001693,15.2,15.9,39.8,29.1
Gateshead 013,E02001694,15.3,15.1,41.2,28.5
Gateshead 014,E02001695,14.4,14.5,38.9,32.1
Gateshead 015,E02001696,17.9,16.6,39.3,26.2
Gateshead 016,E02001697,14.9,14.9,41.8,28.4
Gateshead 017,E02001698,13.5,10.8,33.9,42.1
Gateshead 018,E02001699,15.6,15.5,38.4,30.6
Gateshead 019,E02001700,16.3,14.6,40.4,28.6
Gateshead 020,E02001701,14.4,13.3,38.7,33.3
Gateshead 021,E02001702,19.6,18.2,38.6,23.6
Gateshead 022,E02001703,14.6,13.1,37.3,35
Gateshead 023,E02001704,15,16.6,40.7,27.6
Gateshead 025,E02001706,20.1,14.8,41.5,23.5
Gateshead 026,E02001707,15.1,15.5,39.3,30.1
Gateshead 027,E02006841,10.6,36,38.3,15.2
Gateshead 028,E02006842,20.2,20.6,36.9,22.3
Gateshead 029,E02007094,15.6,14.8,38.9,30.6
Halton 001,E02002574,16.8,14.3,42.7,26.2
Halton 002,E02002575,16.2,16,42.1,25.7
Halton 003,E02002576,16.2,16.5,39.8,27.6
Halton 004,E02002577,20.2,17.4,37.8,24.7
Halton 005,E02002578,18.4,17.3,41,23.3
Halton 006,E02002579,20.2,16.2,39,24.5
Halton 007,E02002580,19.8,20.3,41.3,18.8
Halton 008,E02002581,14.7,14.6,37.5,33.1
Halton 009,E02002582,16.6,15.7,44.8,22.9
Halton 010,E02002583,21.7,17.9,39.2,21.3
Halton 011,E02002584,17.6,17.6,39.5,25.2
Halton 012,E02002585,16.1,19.9,42.3,21.6
Halton 013,E02002586,20.2,18.9,39.1,21.6
Halton 014,E02002587,18.9,17.2,38.5,25.3
Halton 015,E02002588,17.8,17.6,37.5,27.2
Halton 016,E02002589,13.5,12.8,36.5,37.1
Warrington 001,E02002590,13.6,15.7,42.3,28.4
Warrington 002,E02002591,15.5,12.9,39,32.6
Warrington 003,E02002592,14.6,14.5,39.5,31.3
Warrington 004,E02002593,15.5,14.5,38,31.9
Warrington 005,E02002594,16.3,17.5,42.8,23.4
Warrington 006,E02002595,21.2,19,42.5,17.1
Warrington 007,E02002596,14.2,15.5,37.6,32.5
Warrington 008,E02002597,21.1,17.9,40.3,20.4
Warrington 009,E02002598,21.1,17.3,46.8,14.8
Warrington 010,E02002599,17.3,16.3,42.6,23.7
Warrington 011,E02002600,17.3,18,43,22
Warrington 012,E02002601,16.7,13.9,42.5,27
Warrington 013,E02002602,22.2,19.8,44.4,13.6
Warrington 014,E02002603,14.6,14.2,38.4,32.8
Warrington 015,E02002604,15,15.2,39,30.8
Warrington 016,E02002605,17.3,16.4,42.1,24.2
Warrington 017,E02002606,16.8,20.1,46.2,16.7
Warrington 018,E02002607,14.6,19.8,44.1,21.6
Warrington 019,E02002608,13.2,13.7,37.4,35.7
Warrington 020,E02002609,19.9,19.1,44.4,16.8
Warrington 021,E02002610,18.3,12.7,41.1,27.7
Warrington 022,E02002611,16,13.9,40.6,29.5
Warrington 023,E02002612,16.4,14,41.1,28.7
Warrington 024,E02002613,15,15,42.1,28.1
Warrington 025,E02002614,14,12.6,36.6,36.8
Blackburn with Darwen 001,E02002615,22.6,17.7,38.9,20.8
Blackburn with Darwen 002,E02002616,24.6,19.5,38.5,17.2
Blackburn with Darwen 003,E02002617,24.8,24.1,38.1,12.8
Blackburn with Darwen 004,E02002618,24.4,23.5,37.8,14.2
Blackburn with Darwen 005,E02002619,24.1,21.1,39.6,15.2
Blackburn with Darwen 006,E02002620,22,21.6,39.6,16.8
Blackburn with Darwen 007,E02002621,24.5,24.4,37.7,13.4
Blackburn with Darwen 008,E02002622,25.9,21.8,37.4,14.7
Blackburn with Darwen 009,E02002623,22.1,20.2,40.1,17.4
Blackburn with Darwen 010,E02002624,15.7,15.3,37.7,31.4
Blackburn with Darwen 011,E02002625,22.4,19.2,40.8,17.7
Blackburn with Darwen 012,E02002626,19,17.4,37.7,25.8
Blackburn with Darwen 013,E02002627,19.2,17.7,44.8,18.4
Blackburn with Darwen 014,E02002628,16.7,17.6,40.7,25
Blackburn with Darwen 015,E02002629,19.8,20.7,39,20.6
Blackburn with Darwen 016,E02002630,17.9,18.6,40.8,22.7
Blackburn with Darwen 017,E02002631,15.8,16.5,40.8,27
Blackburn with Darwen 018,E02002632,14.3,13.1,40.7,31.9
Blackpool 001,E02002633,13.7,13.4,35.5,37.5
Blackpool 002,E02002634,12.8,14.3,37.5,35.5
Blackpool 003,E02002635,13.6,13.8,36.7,36
Blackpool 004,E02002636,16.5,15.6,40.5,27.6
Blackpool 005,E02002637,16.5,15.6,40.5,27.3
Blackpool 006,E02002638,13.6,17.8,42.7,25.9
Blackpool 007,E02002639,21.9,18.7,40.1,19.4
Blackpool 008,E02002640,21.1,19.7,40.3,19
Blackpool 009,E02002641,16.1,18.1,41.4,24.4
Blackpool 010,E02002642,16.4,17.9,43.5,22.3
Blackpool 011,E02002643,20,20,40.7,19.4
Blackpool 012,E02002644,16.3,16.6,40.1,26.8
Blackpool 013,E02002645,16.1,19.1,42.2,22.6
Blackpool 014,E02002646,16.2,16.3,38.4,29
Blackpool 015,E02002647,18.8,17.9,40.8,22.6
Blackpool 016,E02002648,19.6,16.9,38.9,24.7
Blackpool 017,E02002649,15.1,16.1,40.2,28.7
Blackpool 018,E02002650,14.4,14.7,37.1,34
Blackpool 019,E02002651,15,14.3,37.6,33.1
Cheshire East 022,E02003811,16,13.4,38.5,32.2
Cheshire East 023,E02003812,17,12.6,37,33.5
Cheshire East 024,E02003813,12.6,13.7,39.3,34.4
Cheshire East 025,E02003814,18.8,16.8,43.6,20.8
Cheshire East 026,E02003815,20.1,15.1,40.2,24.6
Cheshire East 027,E02003816,14.5,16,40.8,28.4
Cheshire East 028,E02003817,15.3,13.1,38,33.8
Cheshire East 029,E02003818,13.7,11.9,37.5,37
Cheshire East 030,E02003819,14.1,13.4,36.9,35.7
Cheshire East 031,E02003820,19.4,16.4,45,19.1
Cheshire East 032,E02003821,13.9,14.1,38.2,33.9
Cheshire East 033,E02003822,13.9,13,39.2,33.9
Cheshire East 040,E02003823,15.8,13,35.9,35.5
Cheshire East 042,E02003824,18.2,14.7,39.7,27.7
Cheshire East 034,E02003825,16.6,17.2,45.5,20.7
Cheshire East 035,E02003826,20.4,20.4,39.6,19.5
Cheshire East 036,E02003827,19.5,19.4,41.7,19.4
Cheshire East 037,E02003828,22,18.2,39.9,20
Cheshire East 038,E02003829,11.6,16.9,37.2,34.3
Cheshire East 039,E02003830,18.7,19.8,44.2,17.5
Cheshire East 041,E02003831,15.6,13.5,40.3,30.7
Cheshire East 043,E02003832,15.5,22.1,48,14.3
Cheshire East 044,E02003833,18.2,16.5,41.1,24.2
Cheshire East 045,E02003834,18.1,20.2,45.2,16.7
Cheshire East 046,E02003835,13.6,12.8,37.3,36.2
Cheshire East 047,E02003836,12.5,14,36.5,36.9
Cheshire East 048,E02003838,17.4,15.6,40,27
Cheshire East 050,E02003839,13.6,13.4,38.3,34.7
Cheshire East 051,E02003840,13.7,11.8,36.4,38.3
Cheshire East 001,E02003853,15.3,11.6,40.4,32.9
Cheshire East 002,E02003854,16.9,12.5,37.4,33.1
Cheshire East 003,E02003855,14.8,10.7,33.6,41
Cheshire East 004,E02003856,18,15.8,41.8,24.4
Cheshire East 005,E02003857,18.6,14.5,42.2,24.6
Cheshire East 006,E02003858,15.4,13.7,38.9,32.1
Cheshire East 007,E02003859,15.3,11.9,39.9,33
Cheshire East 008,E02003860,20.4,11.2,40.8,27.6
Cheshire East 009,E02003861,18,13.5,40.2,28.3
Cheshire East 011,E02003862,13.5,11.4,34.5,40.6
Cheshire East 010,E02003863,17.2,11.5,38.8,32.5
Cheshire East 012,E02003864,13.5,12.8,37.5,36.1
Cheshire East 013,E02003865,16.3,12,42.4,29.6
Cheshire East 014,E02003866,16,13.2,39.5,31.4
Cheshire East 015,E02003867,18.1,15,39.9,27
Cheshire East 016,E02003868,16.4,14.8,42.6,26
Cheshire East 017,E02003869,14.9,13.6,40.1,31.3
Cheshire East 018,E02003870,13.5,18.6,46.2,21.9
Cheshire East 019,E02003871,17.4,14.5,39.8,28.4
Cheshire East 020,E02003872,13,11.9,37.5,37.4
Cheshire East 021,E02003873,18.6,17.4,42.1,21.7
Cheshire East 052,E02007030,16.3,23.2,38.4,22.2
Cheshire East 053,E02007031,18.3,15.4,43.5,22.9
Cheshire West and Chester 022,E02003794,16.4,14.2,39.1,30.3
Cheshire West and Chester 025,E02003795,14.9,18.6,36.5,30.3
Cheshire West and Chester 027,E02003796,17.3,13.9,37.6,31.2
Cheshire West and Chester 028,E02003797,15.7,16.8,41.2,26.5
Cheshire West and Chester 029,E02003798,20.3,17.3,40.8,21.8
Cheshire West and Chester 031,E02003799,19.6,17.3,39.7,23.5
Cheshire West and Chester 030,E02003800,16.7,12.5,37.1,33.8
Cheshire West and Chester 032,E02003801,17.8,13,41.8,27.4
Cheshire West and Chester 033,E02003802,8.2,29.1,40,22.7
Cheshire West and Chester 034,E02003803,5.4,47.8,31,15.6
Cheshire West and Chester 036,E02003804,15.1,18.3,43.2,23.3
Cheshire West and Chester 039,E02003805,16,13.1,36.9,33.7
Cheshire West and Chester 041,E02003806,20.1,13.5,41.6,24.9
Cheshire West and Chester 043,E02003807,12.6,15.2,39,33.3
Cheshire West and Chester 044,E02003808,19.7,16.8,42.9,20.4
Cheshire West and Chester 046,E02003809,14.3,13.2,38.8,33.7
Cheshire West and Chester 047,E02003810,16.4,13.4,38.6,31.7
Cheshire West and Chester 001,E02003841,14.3,14.1,35.2,36.3
Cheshire West and Chester 004,E02003842,12.8,11.2,35.7,40.2
Cheshire West and Chester 005,E02003843,15.2,15.3,40.2,29.4
Cheshire West and Chester 006,E02003844,13.4,14,35.7,36.9
Cheshire West and Chester 007,E02003845,20.6,22.1,41.9,15.4
Cheshire West and Chester 008,E02003846,21.6,17.4,40.8,20
Cheshire West and Chester 009,E02003847,14.4,15.9,41.2,28.3
Cheshire West and Chester 010,E02003848,17.9,18.1,41,23.3
Cheshire West and Chester 011,E02003849,22.1,19.7,41.3,17.1
Cheshire West and Chester 013,E02003850,15,16.1,37.8,31
Cheshire West and Chester 014,E02003851,15,14.6,40.2,30.2
Cheshire West and Chester 016,E02003852,13.9,14.4,38.2,33.4
Cheshire West and Chester 002,E02003874,15.1,13.3,39,32.5
Cheshire West and Chester 003,E02003875,12.8,10.9,37.5,38.7
Cheshire West and Chester 012,E02003876,17.9,15.8,38.8,27.4
Cheshire West and Chester 015,E02003877,13.7,13,38.2,35.2
Cheshire West and Chester 017,E02003878,15.6,12.4,39.8,32.4
Cheshire West and Chester 018,E02003879,18.8,20,44.6,16.7
Cheshire West and Chester 019,E02003880,16.4,14.9,38.5,30.1
Cheshire West and Chester 020,E02003881,16.5,16.8,42.8,24
Cheshire West and Chester 021,E02003882,17.8,16.2,41.5,24.3
Cheshire West and Chester 023,E02003883,16,14.8,42.1,27.2
Cheshire West and Chester 024,E02003884,16.1,11.9,38.2,33.9
Cheshire West and Chester 026,E02003885,16.5,13.5,39.6,30.6
Cheshire West and Chester 035,E02003886,18.8,17.5,42.7,20.8
Cheshire West and Chester 037,E02003887,17.5,17.6,41.3,23.5
Cheshire West and Chester 038,E02003888,17.4,17.3,41.4,24.1
Cheshire West and Chester 040,E02003889,22.8,18.3,38.3,20.7
Cheshire West and Chester 042,E02003890,18.4,18.1,40.5,23.1
Cheshire West and Chester 045,E02003891,15.2,12.2,36.4,36.2
Allerdale 001,E02003965,14.3,14.9,35.8,34.9
Allerdale 002,E02003966,13,12.7,37.1,37.2
Allerdale 003,E02003967,15.8,13.7,37.2,33.3
Allerdale 004,E02003968,14.5,15.1,39.3,31.1
Allerdale 005,E02003969,18.8,17.6,37.4,26.2
Allerdale 006,E02003970,14.2,13.3,39.2,33.3
Allerdale 007,E02003971,13.3,12.3,37,37.4
Allerdale 008,E02003972,16,15.4,40,28.5
Allerdale 009,E02003973,18,17.7,39.7,24.6
Allerdale 010,E02003974,17.7,16.4,36.7,29.2
Allerdale 011,E02003975,15.8,13.9,38.7,31.4
Allerdale 012,E02003976,11.4,12.5,36.6,39.4
Barrow-in-Furness 001,E02003977,14.6,17.4,39.4,28.7
Barrow-in-Furness 002,E02003978,14,17.7,37.8,30.4
Barrow-in-Furness 003,E02003979,13,12.9,35.1,39
Barrow-in-Furness 004,E02003980,18.9,18.6,38.7,23.7
Barrow-in-Furness 005,E02003981,15.2,18.9,40.7,25.1
Barrow-in-Furness 006,E02003982,17.6,15.2,38.6,28.5
Barrow-in-Furness 007,E02003983,18.3,18.8,40.1,22.8
Barrow-in-Furness 008,E02003984,18.1,21.1,39.2,21.6
Barrow-in-Furness 009,E02003985,15.5,16.4,37,31.3
Barrow-in-Furness 010,E02003986,15.1,16.4,39.5,29.1
Carlisle 001,E02003987,14.1,14,37.9,34.2
Carlisle 002,E02003988,13,13.7,37.2,36
Carlisle 003,E02003989,14.8,14.4,37,33.6
Carlisle 004,E02003990,16.9,13.9,38.8,30.5
Carlisle 005,E02003991,14.2,12.9,37.3,35.7
Carlisle 006,E02003992,11.1,24.7,39.9,24.3
Carlisle 007,E02003993,13.5,12.3,35.9,38.4
Carlisle 008,E02003994,15.3,19.1,40.4,25
Carlisle 009,E02003995,19.3,17.1,40.1,23.6
Carlisle 010,E02003996,14,23.4,42.8,19.8
Carlisle 011,E02003997,21.5,18.5,39.1,20.8
Carlisle 012,E02003998,20.2,17.1,38.1,24.6
Carlisle 013,E02003999,16.7,14.5,38.6,30.2
Copeland 001,E02004000,15.8,14.5,39.1,30.6
Copeland 002,E02004001,12.2,17,40.7,29.9
Copeland 003,E02004002,14.7,16.3,39.2,29.7
Copeland 004,E02004003,15.3,16,39.2,29.7
Copeland 005,E02004004,19.5,17.3,38.3,24.8
Copeland 006,E02004005,16.1,15.6,38.1,30.2
Copeland 007,E02004006,13.5,11.5,37.7,37.2
Copeland 008,E02004007,14.8,14,37.3,34.1
Eden 001,E02004008,13.5,11.9,38,36.7
Eden 002,E02004009,13.7,13.5,38.9,33.9
Eden 003,E02004010,15.3,17.2,41.7,25.9
Eden 004,E02004011,14.1,13.8,37.8,34.2
Eden 005,E02004012,12.1,12.1,38.4,37.7
Eden 006,E02004013,13.6,14.2,36.6,35.7
Eden 007,E02004014,13.2,12.4,36.9,37.4
South Lakeland 001,E02004015,9.5,16.6,36.9,36.9
South Lakeland 002,E02004016,12.5,14.9,40.5,32.2
South Lakeland 003,E02004017,14.7,15,40.8,29.5
South Lakeland 004,E02004018,15.7,16.6,41.1,26.5
South Lakeland 005,E02004019,11.8,13.6,37.1,37.3
South Lakeland 006,E02004020,14.2,14.3,38.8,32.7
South Lakeland 007,E02004021,11,11,37.3,40.6
South Lakeland 008,E02004022,12.7,11.9,37.3,38.3
South Lakeland 009,E02004023,14.9,16.1,31,38.1
South Lakeland 010,E02004024,13.2,11.6,35.9,39.4
South Lakeland 011,E02004025,13.1,11.8,34,41.1
South Lakeland 012,E02004026,14.6,15.4,41.1,28.9
South Lakeland 013,E02004027,9.5,10.6,32.2,47.4
South Lakeland 014,E02004028,12.7,12.4,36.1,38.7
Burnley 001,E02005176,18.9,16,38.7,26.4
Burnley 002,E02005177,20.7,18.4,37.9,22.8
Burnley 003,E02005178,26.1,23.6,39.8,10.6
Burnley 004,E02005179,19.3,16.8,39,25
Burnley 005,E02005180,15.6,14.8,38.2,31.4
Burnley 006,E02005181,18.2,18.5,40,23.3
Burnley 007,E02005182,20.1,18.7,39.3,22
Burnley 008,E02005183,15.7,15.2,39.3,29.8
Burnley 009,E02005184,12.4,12.7,37.1,37.8
Burnley 010,E02005185,21.3,20.2,39.9,18.6
Burnley 011,E02005186,16.2,15.4,42.5,26
Burnley 014,E02006881,18.8,17.1,38.8,25.3
Chorley 001,E02005189,18.3,16.1,39.2,26.4
Chorley 002,E02005190,13.4,13.2,40.3,33.2
Chorley 003,E02005191,17.3,14.4,41,27.3
Chorley 004,E02005192,18,15.3,44.4,22.2
Chorley 005,E02005193,15.7,14,39,31.3
Chorley 006,E02005194,16.3,16,39.9,27.9
Chorley 007,E02005195,12.3,14.7,45.9,27.3
Chorley 008,E02005196,20.1,15,39.9,24.9
Chorley 009,E02005197,19.4,17.7,40.8,22.1
Chorley 010,E02005198,17.9,16.1,42.5,23.5
Chorley 011,E02005199,15.1,12.6,38.3,34
Chorley 012,E02005200,19.7,17.8,43.4,19.1
Chorley 013,E02005201,17,15.8,40.2,27.2
Chorley 014,E02005202,15.5,13.6,40.8,30.3
Fylde 001,E02005203,16.4,14.3,38.5,30.6
Fylde 002,E02005204,16.6,15.7,40.5,27.2
Fylde 003,E02005205,14.2,15.2,40.3,30.2
Fylde 004,E02005206,16.1,13.3,37.7,32.9
Fylde 005,E02005207,13.2,10.8,34.3,41.7
Fylde 006,E02005208,10.6,12.5,37.8,39
Fylde 007,E02005209,14.5,14.5,37.1,33.9
Fylde 008,E02005210,11.7,10.9,33.1,44.1
Fylde 009,E02005211,11.7,11.2,36.2,40.9
Hyndburn 001,E02005212,17.3,17.1,38.7,27
Hyndburn 002,E02005213,18.3,16.5,40.4,24.8
Hyndburn 003,E02005214,16.7,17.8,39.4,26
Hyndburn 004,E02005215,18.7,18.3,38.8,24.2
Hyndburn 005,E02005216,19.3,18.5,39.1,22.9
Hyndburn 006,E02005217,27,22.4,37.8,13
Hyndburn 007,E02005218,17.5,17.3,39.1,26.1
Hyndburn 008,E02005219,15.7,17.7,39.9,26.5
Hyndburn 009,E02005220,13.2,14.3,38,34.5
Lancaster 001,E02005221,14.3,13.5,36,36.3
Lancaster 002,E02005222,13.4,12.1,35.3,39.3
Lancaster 003,E02005223,12.8,12.1,34.6,40.4
Lancaster 004,E02005224,10.7,10.5,30.7,48.1
Lancaster 005,E02005225,15.9,13.3,38.3,32.4
Lancaster 006,E02005226,19.1,17.7,38.2,25
Lancaster 008,E02005228,19,16.1,38.3,26.5
Lancaster 009,E02005229,18.3,19.5,42.2,20.1
Lancaster 010,E02005230,16.4,14.9,36.1,32.6
Lancaster 011,E02005231,18.6,19.7,40.7,21.1
Lancaster 013,E02005233,18.1,19.6,44.4,17.9
Lancaster 014,E02005234,9.2,51,27.7,12.1
Lancaster 015,E02005235,9.7,45.2,32,12.9
Lancaster 016,E02005236,17.8,15,38.7,28.5
Lancaster 017,E02005237,15.7,22.6,38.9,22.7
Lancaster 018,E02005238,18.1,19,37.7,25.1
Lancaster 019,E02005239,9.4,48.9,23.5,18.1
Lancaster 020,E02006871,17,15.7,37.8,29.3
Pendle 001,E02005240,18.6,15.7,40.4,25.5
Pendle 002,E02005241,15.9,15.4,40.3,28.4
Pendle 003,E02005242,16.6,14.1,38.4,30.9
Pendle 006,E02005245,15.3,13.1,40.5,31.4
Pendle 007,E02005246,18.1,17.8,40.9,23.2
Pendle 008,E02005247,14.7,12.9,38.3,34
Pendle 009,E02005248,24.9,21.5,37.2,16.4
Pendle 010,E02005249,24.1,20.3,39.1,16.5
Pendle 011,E02005250,26.5,21.8,38.4,13.1
Pendle 012,E02005251,21.7,16.5,37.7,24.1
Pendle 013,E02005252,22,19,37.2,21.7
Pendle 014,E02007003,18.5,16.5,38.6,26.3
Preston 001,E02005253,17.2,15.5,40,27.5
Preston 002,E02005254,20,15.2,40.5,24.4
Preston 003,E02005255,18.1,14.8,38.7,28.4
Preston 004,E02005256,16.6,15.6,42.3,25.5
Preston 005,E02005257,18.2,15.9,39.2,26.8
Preston 006,E02005258,17.1,18.1,36.7,28.1
Preston 007,E02005259,21.8,18,39,21.2
Preston 008,E02005260,15.9,15.2,39.3,29.4
Preston 009,E02005261,23.7,18.7,40.3,17.4
Preston 010,E02005262,17.9,18.6,44.1,19.5
Preston 011,E02005263,18.6,30.3,38.6,12.5
Preston 012,E02005264,14.7,38.9,34.3,12.2
Preston 013,E02005265,18.6,17.7,41.2,22.3
Preston 014,E02005266,23.7,23.7,41.1,11.5
Preston 015,E02005267,15.7,42.8,31.1,10.4
Preston 016,E02005268,23,21.3,40,15.8
Preston 017,E02005269,12.5,37.6,36.9,13.2
Ribble Valley 001,E02005270,14.1,14.1,36.3,35.5
Ribble Valley 002,E02005271,15.9,15.8,38.7,29.5
Ribble Valley 003,E02005272,17.3,14.7,41.3,26.7
Ribble Valley 004,E02005273,13.8,14.1,38.2,34.1
Ribble Valley 005,E02005274,15.1,13.5,40.6,30.8
Ribble Valley 006,E02005275,15.8,16,37.4,30.6
Ribble Valley 007,E02005276,15.3,14,40.9,29.8
Ribble Valley 008,E02005277,13.7,13.2,36.1,36.9
Rossendale 001,E02005278,16.8,14.6,42.1,26.5
Rossendale 002,E02005279,19.6,17.6,40.3,22.8
Rossendale 003,E02005280,20.3,16.2,41.1,22.5
Rossendale 004,E02005281,19.1,16.9,40.5,23.4
Rossendale 007,E02005284,16.3,13.7,39.7,30.2
Rossendale 008,E02005285,15.3,13.1,41.4,30.2
Rossendale 009,E02005286,16.7,15.7,40.7,26.9
Rossendale 010,E02006884,17.4,16,40.7,26.1
South Ribble 001,E02005287,16.6,13.3,39.9,30.2
South Ribble 002,E02005288,14,13.5,38.6,33.9
South Ribble 003,E02005289,14.6,12.7,37.2,35.6
South Ribble 004,E02005290,15.5,16.5,42.8,25.1
South Ribble 005,E02005291,16.7,14.6,41,27.4
South Ribble 006,E02005292,18.5,15,39.8,26.9
South Ribble 007,E02005293,15.7,15.6,39,29.7
South Ribble 008,E02005294,18.4,17.7,42.4,21.5
South Ribble 009,E02005295,15.8,15.6,42.5,26.2
South Ribble 010,E02005296,15.8,12.7,36.9,34.5
South Ribble 011,E02005297,14.3,13.2,37.3,35.2
South Ribble 012,E02005298,17.4,17.3,40.5,24.9
South Ribble 013,E02005299,17.2,18.3,44.5,20.2
South Ribble 014,E02005300,16.8,15,39.3,28.6
South Ribble 015,E02005301,15.4,16.4,39.5,28.7
South Ribble 016,E02005302,17.8,14.3,40.8,27.1
South Ribble 017,E02005303,19.6,17.5,38.2,24.7
West Lancashire 001,E02005304,14.9,14.3,37.7,32.8
West Lancashire 002,E02005305,12.9,13.5,36.9,36.4
West Lancashire 003,E02005306,13.2,13.1,37.3,36.4
West Lancashire 004,E02005307,16.4,15.5,40,28.1
West Lancashire 005,E02005308,13.6,12.7,37.8,36
West Lancashire 006,E02005309,15.3,17.6,36.8,30.4
West Lancashire 007,E02005310,8.5,46.8,23.5,21.3
West Lancashire 008,E02005311,10.1,30.1,30.1,29.6
West Lancashire 009,E02005312,14.6,17.6,38.8,28.8
West Lancashire 010,E02005313,21.2,19.4,40.9,18.6
West Lancashire 011,E02005314,15.9,18.6,40.2,25.4
West Lancashire 012,E02005315,14.4,12.6,35.4,37.5
West Lancashire 013,E02005316,21.2,18.5,41.5,18.8
West Lancashire 014,E02005317,21.4,20.7,40.4,17.7
West Lancashire 015,E02005318,15.1,14.4,40.7,29.9
Wyre 001,E02005319,16.2,17.6,38.9,27.3
Wyre 002,E02005320,18.1,15.2,36.3,30.4
Wyre 003,E02005321,16,15.7,31.4,36.8
Wyre 004,E02005322,12.8,11.3,32.4,43.6
Wyre 005,E02005323,18.1,16.2,38.3,27.4
Wyre 006,E02005324,14.3,18.7,36.3,30.8
Wyre 007,E02005325,13.3,12,33.5,41.3
Wyre 008,E02005326,12.1,13.3,35,39.3
Wyre 009,E02005327,15.7,12.9,37.5,33.8
Wyre 010,E02005328,12.6,12.4,34.3,40.6
Wyre 011,E02005329,17.5,16,39.1,27.5
Wyre 012,E02005330,13.5,12.2,36.3,37.9
Wyre 013,E02005331,14.4,13.7,37.3,34.3
Wyre 014,E02005332,13.1,13.1,36.8,36.9
Bolton 001,E02000984,15.9,14.6,40.6,28.9
Bolton 002,E02000985,14.7,14,37.6,33.8
Bolton 003,E02000986,16.8,15.4,41.2,26.6
Bolton 004,E02000987,15,16.9,41.4,26.7
Bolton 005,E02000988,19.7,19.3,40,21
Bolton 006,E02000989,14.3,13.1,36.2,36.3
Bolton 007,E02000990,16.2,15.8,42.4,25.6
Bolton 008,E02000991,19.1,15.7,41.4,24.1
Bolton 009,E02000992,16.1,15,39.8,29.1
Bolton 010,E02000993,24.4,20.5,40,15
Bolton 011,E02000994,25.1,21.1,39,15
Bolton 012,E02000995,20,15.4,37.7,26.9
Bolton 013,E02000996,24.3,17.7,38.7,19.2
Bolton 014,E02000997,17,14.7,40.5,27.8
Bolton 015,E02000998,24.2,21.9,39.4,14.5
Bolton 016,E02000999,19.7,23.6,38.7,18.1
Bolton 017,E02001000,17.9,18.1,40.3,23.8
Bolton 018,E02001001,23.1,18.3,39.3,19.1
Bolton 019,E02001002,19.8,15.8,39.3,25.1
Bolton 020,E02001003,16.3,14.8,36.5,32.3
Bolton 021,E02001004,25.8,21.8,38.3,14.1
Bolton 022,E02001005,24.9,22.6,36.6,15.9
Bolton 023,E02001006,25.1,21.2,39.5,14.2
Bolton 024,E02001007,15.9,14.9,37.9,31.3
Bolton 025,E02001008,28.8,20.6,37,13.5
Bolton 026,E02001009,22.9,17.5,38.8,20.7
Bolton 027,E02001010,23.3,20.5,40,16.1
Bolton 028,E02001011,16,14.5,40,29.4
Bolton 029,E02001012,26.4,21.3,36.4,15.8
Bolton 030,E02001013,17,15.1,39.1,28.8
Bolton 031,E02001014,17.2,16.6,41.2,24.8
Bolton 032,E02001015,17.2,17.3,39.7,25.9
Bolton 033,E02001016,23.8,19.5,40.7,15.9
Bolton 034,E02001017,18,17.3,41.2,23.5
Bolton 035,E02001018,17.4,16.1,43.3,23.3
Bury 001,E02001019,16.3,16.3,41.8,25.2
Bury 002,E02001020,14.7,12.1,35.5,37.6
Bury 003,E02001021,14.8,13.7,41,30.7
Bury 004,E02001022,17,15.7,38.6,28.6
Bury 005,E02001023,18.5,14.7,38.3,28.5
Bury 006,E02001024,16.8,15.5,41.3,26.2
Bury 007,E02001025,21.6,17.5,40.1,20.6
Bury 008,E02001026,23.1,21.3,41.5,14.3
Bury 009,E02001027,19.2,18.8,42.6,19.3
Bury 010,E02001028,14.5,12.1,35.3,38
Bury 011,E02001029,21.3,20.2,40.2,18.3
Bury 012,E02001030,15.8,16.7,41.5,26.1
Bury 013,E02001031,19,17.1,40.3,23.6
Bury 014,E02001032,17.6,16.8,38.9,27
Bury 015,E02001033,20.5,19,42.2,18.4
Bury 016,E02001034,20,18.8,41.1,20.2
Bury 017,E02001035,16,15,38.7,30.2
Bury 018,E02001036,20.1,17.4,41.4,20.8
Bury 019,E02001037,16.1,13.2,37.8,32.8
Bury 020,E02001038,16.1,15.5,44.2,24.1
Bury 021,E02001039,22,18.4,41.8,17.9
Bury 022,E02001040,16.6,14.7,42.8,26.1
Bury 023,E02001041,17,17.3,43.8,21.8
Bury 024,E02001042,17.8,15.4,42.6,24.1
Bury 025,E02001043,18,15.7,43.6,22.7
Bury 026,E02001044,31,18.8,34.4,15.7
Manchester 001,E02001045,21.8,17.7,39.6,20.8
Manchester 002,E02001046,23.5,19.3,42.5,14.8
Manchester 003,E02001047,21.4,18,41.4,19.3
Manchester 004,E02001048,24.5,18.9,39.5,17.1
Manchester 005,E02001049,20.6,18,39.6,21.7
Manchester 006,E02001050,27.3,17.8,40.9,14.1
Manchester 007,E02001051,25.1,18.7,39.7,16.3
Manchester 008,E02001052,28.1,21.7,38.5,11.7
Manchester 009,E02001053,27.6,19.6,39.8,13.1
Manchester 011,E02001055,23.9,18.1,39.2,18.7
Manchester 012,E02001056,25.8,19.8,38.6,15.8
Manchester 015,E02001059,23.9,22.1,42,12.2
Manchester 017,E02001061,24.9,19.4,40.7,15.1
Manchester 018,E02001062,20.9,32.7,36.9,9.5
Manchester 019,E02001063,11.9,54.5,28.5,5.1
Manchester 020,E02001064,25.7,20.4,40.7,13.2
Manchester 021,E02001065,24.5,19.4,41.3,14.8
Manchester 022,E02001066,15,46.3,30.9,7.9
Manchester 023,E02001067,27.6,21,40.3,11.1
Manchester 024,E02001068,27.4,25.9,36.5,10
Manchester 025,E02001069,21.3,37.4,34,7.2
Manchester 026,E02001070,11.9,53,26.5,8.7
Manchester 028,E02001072,16.7,22.4,48.3,12.4
Manchester 029,E02001073,14.6,22,46.2,17.2
Manchester 030,E02001074,20.8,23,40.4,15.6
Manchester 031,E02001075,22.6,21.1,46.2,10.1
Manchester 032,E02001076,7.4,70.1,17.3,5.3
Manchester 033,E02001077,16.4,20.6,45.1,17.9
Manchester 034,E02001078,19.9,21.5,40.6,17.9
Manchester 035,E02001079,17.6,34,35,13.4
Manchester 036,E02001080,9,57,24.1,9.9
Manchester 037,E02001081,17.4,16.4,48.2,18
Manchester 038,E02001082,11.2,38.2,37.8,12.7
Manchester 039,E02001083,12.7,31.2,46.8,9.4
Manchester 040,E02001084,15.1,33.4,36.7,14.9
Manchester 041,E02001085,24.4,20.1,40.5,14.9
Manchester 042,E02001086,16.9,21.9,44.6,16.6
Manchester 043,E02001087,15.2,19,45.1,20.6
Manchester 044,E02001088,22.5,18,41.4,18.1
Manchester 045,E02001089,17.8,18.5,43,20.7
Manchester 046,E02001090,16.3,15.6,44,24.2
Manchester 047,E02001091,18,16,42.3,23.7
Manchester 048,E02001092,22.2,19,42.2,16.7
Manchester 049,E02001093,24.3,19.3,39.8,16.6
Manchester 050,E02001094,26.7,18.9,39.4,15.1
Manchester 051,E02001095,21.1,19.6,41.4,17.9
