MSOA CODE,Less than 5km,5km to less than 20km,20km to less than 40km,40km and over,"Works mainly at an offshore installation, in no fixed place, or outside the UK",Works mainly from home
E02000001,19.83919222,6.039640987,0.411368736,0.69184742,5.665669409,67.35228123
E02000002,19.61087091,26.74490426,8.091414453,1.420630019,23.19332922,20.93885114
E02000003,17.44940817,26.74684994,7.082856052,1.164566628,22.05040092,25.50591829
E02000004,21.71538709,23.00032123,7.452618053,1.317057501,21.4262769,25.08833922
E02000005,21.43150967,27.1287536,6.273138626,1.583710407,21.534348,22.0485397
E02000007,23.03910091,26.5745727,7.937251229,1.638960431,22.12596582,18.68414891
E02000008,23.72256365,27.42756804,5.864793679,1.738366989,23.6523266,17.59438104
E02000009,20.0699687,30.63892469,5.174001105,1.822868717,22.20585528,20.08838151
E02000010,22.02788939,27.10943039,7.303238005,1.48900969,23.75324982,18.3171827
E02000011,15.98968407,28.27208253,9.348807221,1.418439716,24.91940683,20.05157963
E02000012,18.66666667,28.41791045,3.542288557,1.552238806,20.23880597,27.58208955
E02000013,19.62056915,31.47778333,5.4667998,1.872191712,24.0888667,17.47378932
E02000014,21.81652214,29.21040621,7.55362848,1.825650388,24.44089457,15.15289822
E02000015,18.50797267,29.10022779,8.171981777,1.651480638,23.83257403,18.7357631
E02000016,14.68131868,35.07692308,4.285714286,1.802197802,18.57142857,25.58241758
E02000017,16.99975921,30.50806646,4.912111726,2.118950157,24.89766434,20.56344811
E02000018,19.46392786,32.08917836,4.634268537,2.129258517,24.24849699,17.43486974
E02000019,18.91566265,31.54216867,6.072289157,1.855421687,23.39759036,18.21686747
E02000020,16.24860201,32.75283592,4.1859722,1.677584279,21.31330884,23.82169676
E02000021,16.8599946,31.69678986,8.497437281,2.023199353,23.52306447,17.39951443
E02000022,17.33174509,35.58665873,4.109589041,1.60810006,18.3144729,23.04943419
E02000023,18.9516129,35.73200993,4.838709677,2.388337469,19.50992556,18.57940447
E02000024,12.15479992,22.78790156,2.21679504,1.10839752,10.48281045,51.24929551
E02000025,13.02691117,25.36318171,1.97666111,1.024053346,13.07454156,45.53465111
E02000026,14.08403361,23.86554622,2.25210084,1.378151261,13.31092437,45.1092437
E02000027,17.48757343,24.58201536,2.440126525,1.107094442,15.97379123,38.40939901
E02000028,13.15789474,24.93880049,2.264381885,0.82619339,13.83108935,44.98164015
E02000029,15.31804414,24.70791865,1.839030723,0.497620078,18.32540026,39.31198615
E02000030,12.06857143,23.45142857,2.057142857,1.234285714,12.04571429,49.14285714
E02000031,11.29308238,22.19506233,1.222195062,0.757760939,10.19310682,54.33879247
E02000032,15.95043501,24.12338518,1.634590034,0.817295017,13.31399947,44.16029528
E02000033,16.2861137,24.34762349,1.491146319,0.815470643,17.80055918,39.25908667
E02000034,15.90448299,23.38364497,1.689569723,0.901103852,15.72426222,42.39693625
E02000035,12.58967832,24.25364499,1.643138162,0.833140477,12.28882203,48.39157602
E02000036,13.85610963,27.25542444,2.379139703,1.141987057,17.75789874,37.60944043
E02000037,12.58783377,25.41658302,2.328849629,1.485645453,12.70829151,45.47279663
E02000038,13.28244275,25.20992366,1.564885496,0.72519084,15.97328244,43.24427481
E02000039,13.4806004,22.93967715,1.387708864,1.331067686,12.4327386,48.42820731
E02000040,13.55032318,20.93721145,1.823638042,0.923361034,12.58079409,50.18467221
E02000041,15.30566711,27.80008925,2.721999108,1.360999554,18.71932173,34.09192325
E02000042,14.27546628,23.18866571,1.362984218,0.807030129,15.33357245,45.03228121
E02000043,11.57865787,20.37953795,1.622662266,0.577557756,8.718371837,57.12321232
E02000044,18.05191712,28.79256966,2.024291498,1.714693975,19.93331746,29.48321029
E02000045,17.17618665,25.50281577,1.528559936,0.864843121,17.71922767,37.20836685
E02000046,12.01256216,22.45485475,1.596440722,0.549594347,13.87071447,49.51583355
E02000047,19.20675725,31.10539846,2.093279471,1.211898641,23.77892031,22.60374587
E02000048,14.34477057,21.28978917,1.322860686,0.744109136,13.20793716,49.09053328
E02000049,17.28660503,31.13308966,1.913566975,1.333046657,18.68415395,29.64953773
E02000050,15.57860484,24.0390482,1.58633313,0.427089689,14.05328452,44.31563962
E02000051,13.2457959,20.84773094,1.036627505,0.806265837,11.77148123,52.29209859
E02000052,13.22152886,20.69032761,1.150546022,0.663026521,11.29095164,52.98361934
E02000054,15.01580611,26.87038988,1.659641728,1.185458377,18.94099052,36.32771338
E02000055,18.94135963,26.31032693,1.504929943,1.141670991,17.73049645,34.37121605
E02000056,10.67824454,18.30556207,0.891809434,0.633654072,7.838535555,61.65219432
E02000057,22.29443346,25.00706414,1.158519356,0.593387963,14.77818593,36.16840916
E02000058,15.06935687,20.09247583,0.945775536,0.882723834,9.541824296,53.46784363
E02000059,17.78806414,27.75665399,2.182178873,1.32253265,20.41659778,30.53397256
E02000060,26.41146279,20.91531223,0.962360992,0.748502994,12.2112917,38.75106929
E02000061,12.79790276,20.97235462,0.61963775,0.61963775,10.2478551,54.74261201
E02000062,19.3258427,28.57142857,1.348314607,0.963081862,20.51364366,29.2776886
E02000063,16.51135702,25.01456028,1.223063483,1.077460687,19.56901573,36.60454281
E02000064,15.16290727,23.339599,1.221804511,0.877192982,13.56516291,45.83333333
E02000065,15.14133781,33.92107473,5.961376994,1.65127344,19.78729359,23.53764344
E02000066,21.00555958,29.56248489,5.051970027,1.643703167,20.01450326,22.72177907
E02000067,20.62437059,26.36455186,5.377643505,1.43001007,17.68378651,28.51963746
E02000068,19.95005549,26.8590455,7.269700333,2.219755827,17.20310766,26.49833518
E02000069,19.98844598,23.7723859,6.556903524,0.982091277,17.44656268,31.25361063
E02000070,19.7365022,24.72229398,3.926633945,1.110824076,18.28984758,32.21389822
E02000071,21.88019967,22.76760954,5.074875208,1.164725458,18.77426511,30.33832501
E02000072,19.5410173,25.58657304,10.08734372,1.866758007,16.78369584,26.13461209
E02000073,18.73128743,24.34505988,2.956586826,1.19760479,15.28817365,37.48128743
E02000074,22.73736128,24.63625154,7.077681874,1.50431566,18.12577065,25.91861899
E02000075,17.74707758,22.44952179,3.692879915,0.929861849,17.0031881,38.17747078
E02000077,19.84227932,25.20987026,3.307046553,0.966675146,16.94225388,33.73187484
E02000078,17.70674784,21.96854389,5.936073059,1.116184678,16.463724,36.80872653
E02000079,16.71711292,22.81722934,4.284051222,1.001164144,15.52968568,39.65075669
E02000080,17.51869064,25.03536068,2.646999394,1.313396646,18.20569812,35.27985452
E02000081,18.50792826,22.45905901,5.692747596,1.273719782,16.5063686,35.56017676
E02000082,16.55328798,27.08719852,2.329416615,0.824572253,18.92393321,34.28159142
E02000083,17.63452318,22.66027349,8.31113479,1.260877286,16.97744628,33.15574498
E02000084,17.27520436,21.07175295,3.396911898,0.908265213,15.93097184,41.41689373
E02000085,17.72434308,26.12791274,2.751611304,1.065939514,19.0629648,33.26722856
E02000086,17.86504425,23.81084071,2.129424779,0.774336283,17.67146018,37.74889381
E02000087,14.0491721,20.92323131,5.218263924,1.0286001,12.81986954,45.96086302
E02000088,14.98714653,21.43958869,3.804627249,0.745501285,16.14395887,42.87917738
E02000089,14.57165733,24.76647985,2.268481452,1.200960769,14.73178543,42.46063517
E02000090,14.5943656,25.35479771,2.478288498,1.270917179,13.74708748,42.55454353
E02000091,15.79722339,23.11737484,3.40765671,0.92553639,14.32477913,42.42742953
E02000092,17.7297668,27.57201646,5.144032922,1.165980796,18.86145405,29.52674897
E02000093,17.43564025,26.22868606,2.591106653,1.420929455,25.89434972,26.42928786
E02000094,18.31731712,26.71111983,1.804275348,1.529711708,22.00431457,29.63326142
E02000095,19.21346116,25.20054784,2.700058697,1.858736059,23.83095285,27.1962434
E02000096,17.32390536,22.2735926,2.855588795,2.121294534,15.88251292,39.54310579
E02000097,21.64473684,24.36403509,1.995614035,1.359649123,26.95175439,23.68421053
E02000098,19.18619624,24.80041205,2.189029101,0.824105073,21.99330415,31.00695339
E02000099,18.90800935,26.21627364,2.761844062,1.678351392,24.7928617,25.64265987
E02000100,23.86498693,23.98383646,2.424530544,1.426194438,14.87996197,33.42048966
E02000101,23.59105729,26.8747089,1.443875175,1.513740102,19.5854681,26.99115044
E02000102,26.15575551,25.03878374,1.675457648,1.675457648,26.74526838,18.70927707
E02000103,21.65335838,27.24283701,1.690934711,1.362141851,22.19351808,25.85720996
E02000104,22.64361405,24.09369771,2.035694367,1.952035694,19.79921919,29.47573898
E02000105,25.90505094,28.31129417,2.037719488,1.755907219,19.29330154,22.69672664
E02000106,21.24386982,27.50780205,1.560410165,1.248328132,27.68613464,20.75345519
E02000107,18.07490501,26.72335806,1.194137869,0.796091912,18.05681201,35.15469513
E02000108,24.04667046,31.78713717,2.162777462,1.138303927,17.30221969,23.56289129
E02000110,16.49899396,24.89939638,1.056338028,1.106639839,16.17203219,40.2665996
E02000111,35.47596607,27.48350613,1.979264844,1.149858624,14.55230914,19.35909519
E02000112,35.45364892,27.28468113,1.364234057,1.462853386,15.38461538,19.04996713
E02000113,28.38466008,27.25159791,1.510749564,0.958744916,22.80650784,19.08773969
E02000114,17.54897874,27.11546478,0.66694456,0.75031263,16.56940392,37.34889537
E02000115,14.40811725,22.16459977,1.195039459,0.766629087,11.8151071,49.65050733
E02000116,23.30018812,29.99193765,1.343724805,1.048105348,21.98333781,22.33270626
E02000117,26.47410359,26.83266932,1.434262948,1.215139442,22.56972112,21.47410359
E02000118,39.19277748,26.16392282,1.575500089,1.469286599,16.97645601,14.622057
E02000119,24.07239819,27.80542986,1.809954751,1.402714932,17.73755656,27.1719457
E02000120,20.07920792,18.1980198,0.811881188,0.811881188,11.42574257,48.67326733
E02000121,35.36399118,25.70846767,1.696928559,1.391481419,15.00084846,20.83828271
E02000122,16.47518944,19.06624297,1.197751161,0.733317037,11.19530677,51.33219262
E02000123,22.99387689,25.71704802,1.498549791,1.111827264,20.60908798,28.06961005
E02000124,16.29266453,16.65095229,0.660003771,0.565717518,10.67320385,55.15745804
E02000125,17.46699828,20.41323895,0.97570308,0.612205854,13.58331739,46.94853645
E02000126,26.55337228,19.83536909,1.460435475,0.92936803,15.16197557,36.05947955
E02000127,16.37344593,29.1813277,1.923528032,0.961764016,18.53155055,33.02838377
E02000128,13.30483569,23.08308843,2.270905691,0.828212664,14.45364681,46.05931071
E02000130,11.47433085,23.34357174,1.206669592,0.745941202,9.916630101,53.31285652
E02000131,9.599358974,23.55769231,0.913461538,0.881410256,11.25,53.79807692
E02000132,12.08453757,23.28395954,1.51734104,0.433526012,10.72976879,51.95086705
E02000133,9.425993473,20.29180265,2.05413707,0.92148205,7.256671146,60.04991361
E02000134,14.63216146,22.99804688,1.5625,0.830078125,12.12565104,47.8515625
E02000135,15.37512847,29.22918808,1.70606372,1.109969168,15.95066804,36.62898253
E02000136,15.37845414,24.70965158,4.164997998,0.760913096,14.0969163,40.88906688
E02000137,13.13748531,20.28202115,1.974148061,0.916568743,11.56286722,52.12690952
E02000138,10.75268817,20.15557081,1.258293297,0.640585678,10.56966369,56.62319835
E02000139,11.95363439,20.16421154,1.473074137,0.555421396,10.55300652,55.30065202
E02000140,19.10878113,27.88990826,5.321100917,1.389252949,18.92529489,27.36566186
E02000141,12.90899796,23.38957055,1.508179959,0.613496933,12.93456033,48.64519427
E02000142,14.18214771,20.6388763,2.174898052,0.657000453,11.07838695,51.26869053
E02000144,13.26790258,21.68302435,2.053798619,0.54525627,10.85059978,51.59941839
E02000145,16.68359573,26.96800406,7.897409853,1.24428644,17.75012697,29.45657694
E02000146,15.23384436,21.17213274,2.794488647,0.543372793,11.58548418,48.67067728
E02000147,13.78213623,19.79856878,1.537238272,0.609594487,10.60164325,53.67081898
E02000148,14.13529036,17.93235482,2.999361838,0.606253989,11.04020421,53.28653478
E02000149,18.91009543,22.14967353,6.328478152,1.280763435,15.49472627,35.83626318
E02000150,16.76258993,20.33573141,1.534772182,0.431654676,12.27817746,48.65707434
E02000151,12.76717013,15.87346822,4.360216586,0.313479624,10.11684241,56.56882303
E02000152,18.83515896,20.46486775,3.419716805,0.828212664,17.1520171,39.30002672
E02000153,16.13803603,20.50241056,1.801573205,0.862725197,13.21999493,47.47526009
E02000154,16.64696146,16.88342398,6.05344053,0.993142587,11.70489477,47.71813668
E02000155,17.18464351,20.07921999,8.744667885,0.761730652,17.73308958,35.49664839
E02000156,14.38450899,21.21369295,1.659751037,0.743430152,13.29529737,48.7033195
E02000157,14.79214486,16.22035195,5.075235909,0.918133129,11.34914563,51.64498852
E02000158,17.52669039,17.70462633,8.1257414,0.741399763,14.94661922,40.95492289
E02000159,15.39379475,20.01789976,3.997613365,1.133651551,13.45465394,46.00238663
E02000160,14.97635313,21.72884919,2.285864425,0.709406201,15.18654756,45.11297951
E02000161,14.11679537,16.50579151,7.697876448,1.013513514,11.1003861,49.56563707
E02000162,17.06852792,19.25761421,6.345177665,1.14213198,14.78426396,41.40228426
E02000163,11.1683383,17.70127406,8.34914611,1.030089455,12.19842776,49.55272432
E02000165,8.270676692,31.01503759,8.351235231,1.127819549,20.67669173,30.55853921
E02000166,16.00871222,13.74897904,0.925673836,0.843996733,8.821127144,59.65151103
E02000167,10.86729363,12.48693835,0.626959248,0.548589342,5.459770115,70.01044932
E02000168,18.51937269,11.46217712,0.438191882,0.622693727,8.141143911,60.81642066
E02000169,8.900083963,14.7774979,0.531766023,0.699692135,5.905401623,69.18555835
E02000170,11.40094446,17.33753092,0.899482797,0.562176748,8.252754666,61.54711041
E02000171,17.38251642,11.11672562,0.859019707,0.656897423,8.943911066,61.04092976
E02000172,28.56480408,13.74913054,0.834685834,0.973800139,11.17551588,44.70206353
E02000173,17.81553398,10.97087379,0.485436893,0.582524272,6.237864078,63.90776699
E02000174,23.39066339,10.95823096,0.565110565,0.737100737,9.189189189,55.15970516
E02000175,11.93469694,15.78157253,0.994558078,0.713079377,6.417714393,64.15837868
E02000176,13.71643084,10.30898065,0.57753393,0.635287323,5.168928675,69.59283858
E02000177,25.26602326,10.69042316,0.494926998,0.841375897,11.25958921,51.44766147
E02000178,16.42842345,19.82597887,0.807955252,0.497203232,10.00621504,52.43422416
E02000179,18.27731092,10.85434174,0.665266106,0.945378151,8.893557423,60.36414566
E02000180,23.92214831,10.37201281,0.78837152,1.08401084,9.953190441,53.88026608
E02000181,12.848585,12.70398678,0.433794671,0.45445156,5.639330717,67.91985127
E02000182,17.69389561,11.38307284,0.648776172,0.855204954,6.989088764,62.42996166
E02000183,18.98569571,9.154746424,0.88426528,1.040312094,7.568270481,62.36671001
E02000184,26.12110464,11.12237142,0.785406638,1.342791994,11.4263998,49.20192551
E02000185,24.13528055,14.96284909,0.819882142,0.768639508,15.01409172,44.29925698
E02000186,24.53376206,7.266881029,0.707395498,0.964630225,9.549839228,56.97749196
E02000187,35.00693481,9.292649098,0.943134535,0.998613037,14.59084605,39.16782247
E02000188,36.00891862,11.5942029,0.891861761,1.226309922,15.01300632,35.26570048
E02000191,29.22502334,6.769374416,0.700280112,1.307189542,7.749766573,54.24836601
E02000192,27.70012706,8.195679797,0.635324015,0.730622618,11.65819568,51.08005083
E02000193,28.18696884,7.223796034,0.601983003,0.601983003,8.852691218,54.5325779
E02000194,12.10305572,24.24605552,1.39804274,0.639105253,11.38406231,50.22967845
E02000195,17.93193717,24.41099476,1.897905759,1.112565445,13.96160558,40.68499127
E02000196,20.21304927,25.64580559,1.7310253,1.145139814,19.44074567,31.82423435
E02000197,18.22869955,26.00896861,1.793721973,1.524663677,20.31390135,32.13004484
E02000198,18.70604782,30.56727614,1.898734177,1.101734646,19.12798875,28.59821847
E02000199,18.14117647,27.67058824,2.188235294,0.941176471,16.94117647,34.11764706
E02000200,14.97676384,25.68652302,1.901140684,0.570342205,14.65990706,42.20532319
E02000201,16.51966627,28.22407628,1.907032181,1.168057211,17.40166865,34.7794994
E02000202,21.76128093,27.72925764,1.98932557,0.994662785,18.75303251,28.77244056
E02000203,21.46892655,29.13640032,1.829432338,0.780199085,19.80091472,26.98412698
E02000204,25.58728696,28.05158913,2.187931829,1.497005988,17.20405343,25.47213266
E02000206,20.18797729,28.13785001,2.349716076,0.920305463,17.5445467,30.85960446
E02000207,20.1100665,24.581518,2.155468929,1.100664985,16.16601697,35.88626462
E02000208,26.22533418,27.880331,2.121790791,1.145767027,17.6957352,24.9310418
E02000209,26.88400661,29.22277345,2.220647295,1.488306166,16.82022206,23.36404441
E02000210,19.79917049,21.61100196,2.117441607,0.960488976,16.21916612,39.29273084
E02000211,20.20102966,22.9713165,1.912233391,1.152243197,15.17528806,38.58788919
E02000212,30.62721893,26.93491124,2.816568047,1.25443787,17.46745562,20.89940828
E02000213,21.98498749,24.92076731,3.052543786,1.28440367,16.31359466,32.44370309
E02000214,18.62269641,20.65955383,2.360168122,1.034594245,12.41513094,44.90785645
E02000215,17.31906055,23.42227193,2.428502956,1.166320498,14.26745486,41.3963892
E02000216,15.74848572,19.84424575,1.903663109,0.951831555,10.49899048,51.05278339
E02000217,20.84139265,25.83816892,2.353320438,0.983236622,15.81237911,34.17150226
E02000218,16.6547534,30.5575411,2.466047177,1.28663331,16.61901358,32.41601144
E02000219,17.32931176,22.86811078,2.604880724,0.65807513,13.87441733,42.66520428
E02000221,25.06014435,23.91740176,2.586206897,1.122694467,15.59743384,31.71611868
E02000222,17.73870465,19.2299132,2.06988649,0.957044291,11.37324727,48.6312041
E02000223,14.33479076,44.84697064,4.403497814,1.280449719,19.33166771,15.80262336
E02000224,18.07533303,21.86495177,3.376205788,0.87276068,13.11437758,42.69637115
E02000225,13.11281748,38.62965151,4.430005907,1.535735381,21.91376255,20.37802717
E02000226,16.58220721,21.67792793,3.547297297,0.731981982,14.2454955,43.21509009
E02000227,15.9524226,30.90781879,3.375896449,0.804617807,16.59961518,32.35962918
E02000228,13.42997812,17.64223195,2.95404814,0.957330416,9.983588621,55.03282276
E02000229,13.96538159,36.30999213,6.254917388,1.53422502,21.04642014,20.88906373
E02000230,12.45572609,21.17276663,3.896103896,1.06257379,10.54702873,50.86580087
E02000231,11.21761658,20.28497409,5.518134715,1.139896373,10.07772021,51.76165803
E02000232,14.70892181,24.18188081,5.304857044,0.688942473,15.74233551,39.37306235
E02000233,12.69291339,22.07874016,5.984251969,0.94488189,12.03149606,46.26771654
E02000234,11.07705779,22.08844133,5.691768827,0.985113835,12.80647986,47.35113835
E02000235,11.87717265,18.53997683,6.054461182,0.955967555,12.89107764,49.68134415
E02000236,9.410503751,22.31511254,6.559485531,1.093247588,13.39764202,47.22400857
E02000237,11.85185185,24.75783476,6.723646724,1.13960114,15.8974359,39.62962963
E02000238,19.34664247,30.92558984,2.431941924,1.252268603,20.14519056,25.89836661
E02000239,20.28353326,27.72082879,2.311886587,1.134133043,20.89422028,27.65539804
E02000240,17.76289078,34.79496549,3.572878603,1.542833942,20.54405197,21.78237921
E02000241,17.66843724,33.8831423,2.460162147,0.950517193,20.01677383,25.02096729
E02000242,26.52874962,25.82902343,1.764526924,1.277760876,20.10952236,24.49041679
E02000243,18.81164301,27.35145538,2.814529709,1.347125331,23.863363,25.81188357
E02000244,18.93396977,25.05966587,1.935826041,0.928135773,23.12383983,30.01856272
E02000245,20.25993884,34.25076453,3.211009174,1.044852192,20.79510703,20.43832824
E02000246,20.0786434,32.78446793,3.268616368,1.646596215,21.50405505,20.71762104
E02000247,20.29045643,32.46887967,2.593360996,1.265560166,20.12448133,23.25726141
E02000248,18.03499327,24.36069987,1.31897712,1.103633917,19.56931359,35.61238223
E02000249,22.52974651,27.85825142,2.690118986,1.034661148,21.67615106,24.21107087
E02000250,14.65571699,16.83512318,1.168667088,0.821225521,9.949463045,56.56980417
E02000251,23.94914375,30.07265179,2.387130254,1.556824079,19.17488324,22.85936689
E02000252,23.05416898,24.4222592,1.23867628,1.275651692,15.93640229,34.07284156
E02000253,21.70944196,24.4172357,1.78949847,0.965387332,20.90887685,30.20955969
E02000254,28.59285179,31.74206448,2.374406398,1.249687578,16.47088228,19.57010747
E02000255,16.53217012,21.11232279,1.788440567,0.588876772,13.04252999,46.93565976
E02000256,12.80522976,20.51528552,1.23053259,0.78830994,11.34397231,53.31666987
E02000258,18.34564254,21.62481536,1.358936484,0.649926145,15.18463811,42.83604136
E02000259,17.50679143,22.66827649,1.599758527,0.754603079,16.78237247,40.68819801
E02000260,33.84090312,29.95536886,2.362824888,1.575216592,14.91205041,17.35363612
E02000261,22.12321401,23.22937471,1.321247503,0.768167153,14.33399908,38.22399754
E02000262,19.28352098,21.00307062,1.146366428,0.818833163,14.90276356,42.84544524
E02000263,33.27904452,32.88092653,2.660152009,1.701049584,14.5674991,14.91132827
E02000264,15.73298991,19.5106246,1.287830006,0.901481005,11.80510839,50.76196609
E02000265,17.9403794,21.17434508,1.300813008,0.903342367,12.95392954,45.72719061
E02000266,25.95168375,28.44070278,2.251098097,1.281112738,17.1852123,24.89019034
E02000267,19.82326248,19.65607834,1.74349176,0.644853117,16.90948173,41.22283258
E02000268,14.69622332,18.04187192,1.149425287,0.985221675,12.00738916,53.11986864
E02000269,13.23695505,18.74858821,1.197199006,0.677659815,10.57149311,55.56810481
E02000270,17.21684127,22.5933979,1.047637873,1.126704882,12.3542202,45.66119787
E02000271,11.52197213,15.30010718,0.884244373,0.669882101,7.31511254,64.30868167
E02000272,15.9844637,17.3887063,1.314610099,0.657305049,12.16014341,52.49477144
E02000275,30.16528926,29.54545455,3.541912633,2.036599764,13.42975207,21.28099174
E02000276,14.16484716,21.56113537,1.009825328,0.846069869,11.24454148,51.17358079
E02000277,23.08190353,30.17157656,4.337973454,1.294917449,17.99935254,23.11427646
E02000278,24.00113347,30.29186738,5.242278266,1.671861717,19.15556815,19.63729102
E02000279,19.33723197,30.62378168,5.614035088,1.306042885,18.05068226,25.06822612
E02000280,20.39374054,24.35638566,2.650176678,0.984351338,15.34578496,36.26956083
E02000281,23.19660537,25.81329562,3.96039604,1.202263083,18.55256954,27.27487034
E02000282,26.10071942,31.62589928,4.431654676,1.697841727,18.01438849,18.1294964
E02000283,24.04011461,30.88825215,4.240687679,1.489971347,19.4269341,19.91404011
E02000284,17.89846517,21.84179457,2.715466352,0.661157025,14.89964581,41.98347107
E02000285,22.51471044,22.42180242,1.920099102,1.021988232,14.71043667,37.41096315
E02000286,16.55534351,23.21087786,2.433206107,0.811068702,12.33301527,44.65648855
E02000287,10.3649635,26.04379562,2.97810219,1.197080292,11.06569343,48.35036496
E02000288,27.43055556,26.91993464,2.941176471,1.960784314,19.3627451,21.38480392
E02000289,17.44295092,23.00718975,1.969365427,1.094091904,12.19130978,44.29509222
E02000290,26.0338716,30.32690035,3.741630563,1.339109886,18.86569516,19.69279244
E02000291,20.9019948,23.41717259,2.515177797,0.78057242,16.95576756,35.42931483
E02000292,23.66599687,22.63898192,2.70149587,1.116320607,16.94574682,32.93145791
E02000293,16.48389308,20.2878684,2.227553119,0.582590816,12.74845785,47.66963674
E02000294,26.72296377,29.85562517,3.377826205,1.579950967,18.57804413,19.88558976
E02000295,16.88475088,21.61550075,1.761449421,1.056869653,15.80271766,42.87871163
E02000296,15.05443886,25.3559464,2.470686767,0.858458961,18.96984925,37.29061977
E02000297,20.61695517,23.45761207,2.041722148,0.732356858,14.91344874,38.23790502
E02000298,14.64646465,18.20586821,2.044252044,0.745550746,11.88071188,52.47715248
E02000299,25.59588299,29.76706392,2.979414951,1.354279523,21.39761647,18.90574215
E02000300,23.93897365,27.71151179,3.106796117,1.303744799,22.16366158,21.77531207
E02000301,27.02090154,30.72273986,3.173004281,1.611684714,19.76832032,17.70334928
E02000302,20.64596273,22.23602484,2.658385093,0.795031056,19.90062112,33.76397516
E02000303,26.94220012,27.09757613,3.262896209,1.615910503,22.12554382,18.95587321
E02000304,14.80237665,20.97649186,1.575820201,0.981658486,12.34823043,49.31542237
E02000305,14.5175064,22.65157985,2.07087959,0.811272417,17.20751494,42.7412468
E02000306,28.23315118,28.44565877,3.278688525,1.791135398,19.70248937,18.54887675
E02000307,24.61366181,25.93505039,2.687569989,1.097424412,22.03807391,23.62821948
E02000308,14.92194674,28.55831038,1.400367309,1.033057851,17.99816345,36.08815427
E02000309,25.34883721,30.27484144,3.150105708,1.479915433,21.83932347,17.90697674
E02000311,20.45214452,27.27656877,2.556518065,1.415592647,21.88886541,26.41031059
E02000312,14.57380105,24.84324691,1.609896628,0.745636333,19.96271818,38.2647009
E02000313,20.23512647,34.87709298,5.09440684,1.710010688,20.1282508,17.95511222
E02000314,15.14450867,31.75887696,3.881090008,2.510322048,19.52105698,27.18414533
E02000315,19.62661561,33.84394447,4.763044519,1.651507899,20.27285783,19.84202968
E02000317,21.64885496,31.69465649,2.473282443,1.34351145,16,26.83969466
E02000318,21.2962963,36.23188406,3.180354267,1.489533011,17.73349436,20.068438
E02000319,18.16051552,31.53680922,2.694786175,1.425502831,16.59832064,29.58406561
E02000320,18.60535932,29.0499391,4.506699147,1.187576127,18.02679659,28.62362972
E02000321,20.03469211,33.4200636,2.775368604,2.139346632,17.66406476,23.9664643
E02000323,17.93575738,32.03978477,2.315343225,1.826186206,16.0769607,29.80596772
E02000324,22.02517162,25.71510297,1.773455378,1.229977117,16.24713959,33.00915332
E02000326,14.2133149,22.04561161,1.520387008,1.105736006,13.54526607,47.5696844
E02000327,22.82144032,28.08286748,2.8280171,1.41400855,13.8112463,31.04242026
E02000328,12.24899598,18.27309237,1.004016064,0.745840505,9.122203098,58.60585198
E02000329,20.1077804,27.58504547,2.155607949,1.27989222,17.17750084,31.69417312
E02000331,21.46556189,25.66027965,1.890212325,1.216986018,14.83687209,34.93008804
E02000332,17.68045418,24.87158692,2.297918356,1.000270343,14.16599081,39.9837794
E02000333,12.08559373,19.22845087,1.295961423,0.783604581,7.805907173,58.80048222
E02000334,19.20779629,24.61490097,2.074819239,1.194592895,14.46086136,38.44702924
E02000335,16.98970321,21.80496669,1.726226529,0.878255603,14.2337977,44.36705027
E02000337,20.04680187,26.3650546,2.158086323,0.806032241,19.68278731,30.94123765
E02000339,15.69747899,20.7394958,1.781512605,1.647058824,13.17647059,46.95798319
E02000340,13.76530308,25.58972828,2.090176172,0.74649149,14.95968946,42.84861153
E02000341,20.03499563,29.01720618,2.595508895,1.224846894,19.74336541,27.38407699
E02000342,14.85319516,28.11744387,2.037996546,1.588946459,17.0984456,36.30397237
E02000343,14.35689816,28.71379633,1.993148552,1.090003114,18.77919651,35.06695733
E02000344,14.06451613,25.58064516,1.903225806,0.935483871,17.35483871,40.16129032
E02000345,41.61490683,15.1242236,1.180124224,0.621118012,12.17391304,29.28571429
E02000346,15.38461538,22.3275292,0.727352876,0.617147895,12.40908089,48.53427375
E02000347,36.75558313,15.1674938,1.271712159,0.868486352,11.87965261,34.05707196
E02000348,39.12605042,17.61344538,1.008403361,1.142857143,13.74789916,27.36134454
E02000350,22.38887873,15.67587342,0.512163892,0.731662703,10.18840315,50.50301811
E02000351,13.67890569,16.73866091,0.773938085,0.575953924,8.999280058,59.23326134
E02000352,19.97080292,15.44525547,0.525547445,0.583941606,11.24087591,52.23357664
E02000353,15.22943915,13.07913988,0.576368876,0.665041011,9.266238085,61.183773
E02000354,21.71625177,18.39708561,0.82979154,1.133373811,11.45517102,46.46832625
E02000355,19.80880391,16.47398844,0.933748333,0.733659404,11.22721209,50.82258782
E02000356,16.27308861,11.22281973,0.42085574,0.397474866,8.066401683,63.61935936
E02000357,25.01734906,26.09299098,1.665510062,1.214434421,14.46911867,31.54059681
E02000358,19.99684094,14.19996841,0.868741115,0.742378771,9.761491076,54.43057969
E02000359,19.17037037,17.65925926,1.066666667,0.77037037,11.40740741,49.92592593
E02000360,24.70373747,18.61440292,1.312670921,0.875113947,12.39744758,42.09662716
E02000361,20.03729797,16.51471198,0.745959387,0.66307501,11.14794861,50.89100705
E02000362,19.13510458,19.10684002,1.328434144,1.102317694,12.63425664,46.69304692
E02000363,27.97572435,21.82850431,1.35082224,1.037588097,13.07752545,34.72983555
E02000364,20.7824908,12.02789076,0.677900445,1.084640713,8.987023049,56.44005423
E02000366,21.35301353,15.89175892,1.156211562,0.934809348,12.52152522,48.14268143
E02000367,20.34455756,13.10884886,0.767423649,0.516836335,8.98981989,56.2725137
E02000368,25.87209302,14.34800664,1.162790698,0.934385382,11.39950166,46.28322259
E02000369,22.22075696,10.81366214,0.619807464,0.870367928,9.982856389,55.49254912
E02000370,24.27769694,12.88713365,0.74828518,0.72749948,9.228850551,52.13053419
E02000372,29.42578548,21.56013001,0.801733478,1.27843987,15.08125677,31.85265439
E02000373,31.24787487,21.48928936,0.884053043,1.122067324,17.74906494,27.50765046
E02000374,23.14371257,19.5508982,0.748502994,0.898203593,12.54491018,43.11377246
E02000375,21.55414013,16.25477707,0.993630573,0.891719745,13.19745223,47.10828025
E02000376,22.81241981,17.60328458,0.744162176,0.667179882,10.85450346,47.31845009
E02000377,20.95923261,17.79376499,0.887290168,0.599520384,12.13429257,47.62589928
E02000378,20.02144197,16.13508443,0.64325918,0.64325918,8.978826052,53.57812919
E02000379,17.90648247,17.56110521,0.717321998,0.611052072,9.617428268,53.58660999
E02000380,16.57312644,14.62528887,0.891383295,0.59425553,8.286563222,59.02938263
E02000381,18.82267442,12.25775194,0.581395349,0.50872093,7.218992248,60.61046512
E02000382,16.39590854,16.42599278,0.631768953,0.87244284,8.182912154,57.49097473
E02000383,22.98395957,13.49154032,0.681168974,0.944847286,8.52559877,53.37288508
E02000384,22.79241794,18.12297735,0.993989829,0.855293574,9.015256588,48.22006472
E02000385,17.35121542,14.69684269,0.698519139,0.530874546,7.76753283,58.95501537
E02000386,27.81405067,15.09532515,1.175241577,0.861843823,13.00600679,42.04753199
E02000387,30.10251631,15.19105312,0.994097546,0.745573159,10.87294191,42.09381796
E02000388,19.69365427,14.14362443,0.835488363,0.676347722,8.076387507,56.57449771
E02000389,17.07161125,13.4057971,0.724637681,0.596760443,8.077578858,60.12361466
E02000390,19.26891471,13.94162652,0.680079343,0.566732785,9.096061207,56.44658543
E02000391,16.2567634,14.16625676,0.934579439,0.541072307,6.984751599,61.11657649
E02000392,16.50504267,15.10861133,0.872769589,0.601241272,7.641582622,59.27075252
E02000393,14.64041096,14.12671233,0.599315068,0.799086758,5.764840183,64.0696347
E02000394,18.49585472,15.81129096,0.829056455,0.710619818,9.297275957,54.85590209
E02000395,14.35752435,15.92836946,0.69117185,0.911090167,6.534715677,61.5771285
E02000396,19.42857143,15.74285714,0.628571429,0.657142857,8.371428571,55.17142857
E02000397,15.47106648,26.59014825,1.362984218,0.81300813,19.51219512,36.2505978
E02000398,19.7319933,33.76884422,2.680067002,2.010050251,24.08710218,17.72194305
E02000400,14.8024628,24.14058492,1.436634171,1.000513084,16.13648025,42.48332478
E02000401,20.61538462,30.08547009,2.358974359,1.196581197,20.95726496,24.78632479
E02000402,21.10224801,31.8346628,2.393038434,1.52284264,20.59463379,22.55257433
E02000403,11.95079086,30.05272408,1.631935727,0.753201105,21.03941752,34.57193071
E02000404,17.52301752,28.39322839,1.633501634,1.366201366,23.31452331,27.76952777
E02000405,9.896782028,16.30236794,1.092896175,0.758955677,7.832422587,64.11657559
E02000406,17.29367162,27.76319627,2.420530767,0.90405366,20.76407116,30.85447652
E02000407,18.80131363,30.24083196,2.517788725,1.505199781,22.68746579,24.24740011
E02000408,19.22971114,29.76616231,2.80605227,2.035763411,22.80605227,23.3562586
E02000409,19.09672831,27.91607397,2.13371266,1.06685633,17.21194879,32.57467994
E02000410,11.61158233,17.78297748,0.848201228,0.614214683,9.739689968,59.40333431
E02000411,14.80221944,30.24879184,2.255235368,1.270807231,19.34848756,32.07445856
E02000412,17.24503311,31.33774834,2.17218543,0.874172185,18.59602649,29.77483444
E02000413,10.14870858,20.55830942,0.965301331,0.887033655,9.157318028,58.28332899
E02000414,15.4669521,28.25796093,1.873160289,1.471768799,21.59486219,31.33529569
E02000415,14.15343915,28.2010582,1.481481481,0.634920635,18.54497354,36.98412698
E02000416,13.56076759,18.59275053,1.044776119,0.724946695,10.34115139,55.73560768
E02000417,10.98216813,18.22813473,0.905745825,0.679309369,8.321539768,60.88310218
E02000418,10.09174312,15.49047283,0.882145378,0.741002117,8.398023994,64.39661256
E02000419,14.25140112,26.04083267,1.581265012,0.680544436,13.97117694,43.47477982
E02000420,15.94847775,28.52459016,1.850117096,1.077283372,18.07962529,34.51990632
E02000421,16.13931813,32.86730439,2.649006623,1.741476576,19.81849399,26.78440029
E02000422,16.57784011,27.29312763,1.851332398,1.009817672,20.39270687,32.87517532
E02000423,16.07233826,26.26082527,1.324503311,0.891492613,14.56953642,40.88130413
E02000424,13.93655746,16.74466979,1.066042642,0.572022881,9.126365055,58.55434217
E02000425,37.04654896,20.99518459,0.963081862,1.091492777,18.97271268,20.93097913
E02000426,12.00363747,17.79327069,1.121551985,0.606244316,6.971809639,61.5034859
E02000427,12.91687407,23.17073171,1.144848183,0.671976108,12.94176207,49.15380786
E02000428,20.13579958,27.6047764,1.521891829,0.936548818,16.34277687,33.45820651
E02000429,9.848088004,14.82451545,0.942902043,0.680984809,7.097957046,66.60555265
E02000430,13.0576968,16.91193646,1.004438215,0.583975707,8.128941836,60.31301098
E02000431,8.677799069,15.68573775,0.711743772,0.684369012,7.883931016,66.35641938
E02000432,13.02027748,18.81003202,0.98719317,0.90715048,9.231590181,57.04375667
E02000433,12.2045221,22.76464543,4.110996917,1.258992806,12.7954779,46.86536485
E02000434,14.15748674,22.76621787,3.427172583,1.183190534,15.36107711,43.10485516
E02000435,15.0780379,26.03121516,4.431438127,1.477146042,17.67001115,35.31215162
E02000436,12.02009329,19.55507714,4.772156441,1.184068891,9.939002512,52.52960172
E02000437,18.17725333,24.60456942,3.514938489,1.305548581,19.25684158,33.14084861
E02000438,17.44805541,21.84336708,4.928076718,1.678209909,15.45018647,38.65210442
E02000439,16.92754919,24.68694097,3.443649374,1.699463327,26.45348837,26.78890877
E02000440,16.24947851,23.0705048,3.46266166,1.585314977,16.68752607,38.94451398
E02000441,13.52699531,20.89201878,6.279342723,1.203051643,12.17723005,45.9213615
E02000442,18.1742566,25.84736952,3.389478062,2.05864005,29.42399667,21.1062591
E02000443,20.42720863,25.36291995,3.193695562,1.078390709,21.33969307,28.59809208
E02000444,18.1512605,23.93757503,3.337334934,1.896758703,22.11284514,30.56422569
E02000445,19.47084032,27.091485,2.72032793,1.69554686,22.99236072,26.02943917
E02000447,18.00246609,21.52897657,3.156596794,1.50431566,13.19358816,42.61405672
E02000448,13.28390485,16.31139944,5.251776336,1.143033673,8.186592524,55.82329317
E02000449,20.16148764,26.2295082,2.911671152,1.786151211,25.56887693,23.34230487
E02000451,13.92097264,18.2674772,5.775075988,1.458966565,12.76595745,47.81155015
E02000452,17.61723701,25.24292353,3.654414871,1.204055767,17.76510351,34.51626531
E02000453,16.91262591,22.86249707,2.928086203,1.288357929,15.43687046,40.57156243
E02000454,13.25470373,19.7978096,4.633529907,1.039033979,9.323223814,51.95169896
E02000455,18.22813938,22.83037475,2.41617357,1.101249178,13.67521368,41.74884944
E02000456,16.88508065,23.41229839,3.452620968,1.537298387,17.51512097,37.19758065
E02000457,15.53738318,23.13084112,4.001168224,1.372663551,12.76285047,43.19509346
E02000459,19.73714027,27.96283707,2.764559257,1.540901881,17.01790165,30.97665987
E02000460,20.88173965,26.24366994,4.021447721,1.310694072,16.11557939,31.42686923
E02000461,19.09064413,25.2696007,2.127659574,0.903526669,13.43631594,39.17225299
E02000462,19.2261185,31.8923821,2.992744861,1.753325272,17.80532044,26.33010883
E02000463,20.98419174,28.91381948,3.824579296,1.810300867,17.74604793,26.72106068
E02000464,15.38679513,24.76622273,11.7597053,1.586851799,22.55596486,23.94446019
E02000465,15.79782412,22.34814143,11.9900272,1.835902085,21.237534,26.79057117
E02000466,19.78212429,22.5798465,8.071304778,1.188412974,22.70363951,25.67467195
E02000467,22.68062827,21.38219895,9.989528796,1.403141361,22.70157068,21.84293194
E02000468,18.3312263,24.65233881,7.458912769,0.935524652,22.73072061,25.89127686
E02000469,19.92585728,21.56317578,10.65801668,1.915353723,22.15013902,23.78745752
E02000470,13.58098662,15.87777112,11.88336329,1.318154584,15.41841422,41.92131017
E02000471,17.80487805,19.40379404,8.075880759,1.029810298,19.51219512,34.17344173
E02000472,20.08810573,22.04845815,7.929515419,1.255506608,19.07488987,29.60352423
E02000473,17.71983251,17.12980586,9.878188047,1.065854587,15.68328892,38.52303007
E02000474,20.29018885,22.20175035,6.678949793,1.220635652,20.29018885,29.3182865
E02000475,15.04688832,15.5370844,10.29411765,1.257459506,15.60102302,42.26342711
E02000476,19.68387777,18.96733404,9.357218124,1.116965227,17.04952582,33.82507903
E02000477,17.35330836,15.10611735,8.593424886,1.186017478,15.8343737,41.92675822
E02000478,14.49963477,19.43024105,9.094229364,1.205259313,13.76917458,42.00146092
E02000479,19.58784346,18.02664446,9.388009992,1.124063281,19.17152373,32.70191507
E02000480,24.89838928,20.27698329,7.617040494,1.294595815,18.726479,27.18651212
E02000481,11.08792069,21.70623532,11.21836681,0.965301331,16.54056875,38.4816071
E02000482,11.18834823,15.02813638,10.49321417,0.959947037,11.32075472,51.00959947
E02000483,18.35361118,17.31814652,10.04400725,1.087237898,17.47346622,35.72353093
E02000484,21.09065486,17.47844325,7.807037986,1.305057096,17.08226521,35.2365416
E02000485,14.37280188,15.96717468,9.871043376,1.055099648,16.014068,42.71981243
E02000486,17.03373292,18.76219682,10.09199888,0.836353499,18.59492612,34.68079175
E02000487,10.52051776,16.99256403,8.620214817,0.963921785,13.19195814,49.71082346
E02000488,16.839585,18.27613727,9.257781325,0.718276137,17.05240756,37.85581272
E02000489,19.01066925,20.85354025,8.389912706,1.309408341,18.69544132,31.74102813
E02000490,16.95423856,24.80620155,7.451862966,1.175293823,20.98024506,28.63215804
E02000491,15.07774141,30.38052373,7.426350245,1.125204583,20.82651391,25.16366612
E02000492,12.41809672,27.11388456,8.95475819,1.216848674,21.21684867,29.07956318
E02000493,12.70504986,30.91026053,9.166934706,1.125763911,20.23158572,25.86040528
E02000494,10.47077922,18.91233766,8.603896104,1.461038961,8.143939394,52.40800866
E02000495,13.98739165,22.18282112,7.446808511,1.004728132,15.54373522,39.83451537
E02000496,16.66234776,28.81575538,5.027209122,1.554806945,16.8955688,31.044312
E02000497,13.33768494,21.75805048,6.418624891,1.131418625,13.18537859,44.16884247
E02000498,15.98525469,22.48659517,5.697050938,0.904825737,15.24798928,39.67828418
E02000499,13.6473755,22.23418573,4.279946164,1.022880215,12.89367429,45.92193809
E02000500,12.87785697,22.02015237,5.554190219,0.909314328,11.7965102,46.84197592
E02000501,14.73928158,24.72769409,4.380069525,0.625724218,13.92815759,41.599073
E02000502,15.04347826,23.19565217,6.630434783,1.282608696,14.26086957,39.58695652
E02000503,15.3812825,26.36481802,5.220970537,0.714904679,13.97313692,38.34488735
E02000504,14.13418191,20.41898701,6.443914081,1.007690268,12.7817555,45.21347123
E02000506,13.28365879,20.94039054,6.860226105,1.284686536,13.1294964,44.50154162
E02000507,20.90705208,24.27111886,5.955644156,1.046598555,16.4216297,31.39795664
E02000508,16.91891892,23.0990991,7.441441441,1.369369369,12.79279279,38.37837838
E02000509,19.27906977,24.41860465,7.348837209,1.627906977,15.51162791,31.81395349
E02000510,23.95619439,24.54939539,5.247547342,1.186402008,14.87565594,30.18480493
E02000511,24.36115843,26.81005111,4.557069847,1.384156729,18.84582624,24.04173765
E02000512,24.2455243,24.93606138,5.294117647,1.304347826,18.95140665,25.2685422
