MSOA code,MSOA name,Occupancy rating of -1 or less,Occupancy rating of 0,Occupancy rating of +1,Occupancy rating of +2 or more
E02000001,City of London 001,4.776422764,63.7195122,23.57723577,7.926829268
E02000002,Barking and Dagenham 001,16.37630662,40.41811847,29.26829268,13.93728223
E02000003,Barking and Dagenham 002,14.63104326,34.4783715,28.37150127,22.51908397
E02000004,Barking and Dagenham 003,8.242950108,30.80260304,31.45336226,29.5010846
E02000005,Barking and Dagenham 004,15.70247934,38.42975207,30.3030303,15.56473829
E02000007,Barking and Dagenham 006,15.91836735,45.03401361,24.62585034,14.42176871
E02000008,Barking and Dagenham 007,16.45021645,44.48051948,27.48917749,11.58008658
E02000009,Barking and Dagenham 008,18.44888367,43.59576968,26.32197415,11.6333725
E02000010,Barking and Dagenham 009,16.36636637,41.44144144,30.18018018,12.01201201
E02000011,Barking and Dagenham 010,14.4373673,33.54564756,28.23779193,23.77919321
E02000012,Barking and Dagenham 011,17.17325228,31.45896657,22.49240122,28.87537994
E02000013,Barking and Dagenham 012,15.8218126,42.0890937,28.41781874,13.67127496
E02000014,Barking and Dagenham 013,16.37168142,42.03539823,29.0560472,12.53687316
E02000015,Barking and Dagenham 014,18.64686469,48.51485149,20.79207921,12.04620462
E02000016,Barking and Dagenham 015,25.09855453,52.95663601,16.68856767,5.256241787
E02000017,Barking and Dagenham 016,22.38267148,35.55956679,22.02166065,20.03610108
E02000018,Barking and Dagenham 017,18.23802164,43.89489954,26.58423493,11.28284389
E02000019,Barking and Dagenham 018,17.16068643,39.62558502,30.57722309,12.63650546
E02000020,Barking and Dagenham 019,18.62955032,43.36188437,25.91006424,12.09850107
E02000021,Barking and Dagenham 020,16.89419795,38.5665529,26.62116041,17.91808874
E02000022,Barking and Dagenham 021,26.11806798,51.34168157,18.96243292,3.577817531
E02000023,Barking and Dagenham 022,21.42857143,47.93233083,20.11278195,10.52631579
E02000024,Barnet 001,4.581005587,27.82122905,29.4972067,38.10055866
E02000025,Barnet 002,6.684491979,36.4973262,30.0802139,26.73796791
E02000026,Barnet 003,4.373757455,25.04970179,31.61033797,38.96620278
E02000027,Barnet 004,8.005427408,35.5495251,30.12211669,26.3229308
E02000028,Barnet 005,6.67903525,28.38589981,29.87012987,35.06493506
E02000029,Barnet 006,7.827260459,36.57219973,29.8245614,25.77597841
E02000030,Barnet 007,4.261363636,18.46590909,27.27272727,50
E02000031,Barnet 008,4.354354354,25.22522523,30.48048048,39.93993994
E02000032,Barnet 009,3.467153285,17.33576642,29.9270073,49.27007299
E02000033,Barnet 010,7.582260372,31.75965665,32.47496423,28.18311874
E02000034,Barnet 011,8.647140865,34.30962343,26.77824268,30.26499303
E02000035,Barnet 012,7.517730496,37.0212766,29.21985816,26.24113475
E02000036,Barnet 013,10.2661597,31.68567807,28.13688213,29.9112801
E02000037,Barnet 014,8.198924731,25.67204301,25.80645161,40.32258065
E02000038,Barnet 015,8.489388265,33.95755306,29.46317104,28.08988764
E02000039,Barnet 016,7.289719626,21.4953271,26.54205607,44.6728972
E02000040,Barnet 017,6.552706553,32.62108262,32.62108262,28.20512821
E02000041,Barnet 018,13.53383459,30.52631579,25.41353383,30.52631579
E02000042,Barnet 019,10.60445387,41.99363733,26.08695652,21.31495228
E02000043,Barnet 020,4.119850187,18.72659176,27.34082397,49.81273408
E02000044,Barnet 021,15.98694943,36.70473083,26.91680261,20.39151713
E02000045,Barnet 022,11.17717004,41.26040428,28.41854935,19.14387634
E02000046,Barnet 023,8.173913043,36.52173913,27.47826087,27.82608696
E02000047,Barnet 024,20.78384798,43.70546318,23.27790974,12.2327791
E02000048,Barnet 025,5.949367089,27.59493671,30.88607595,35.56962025
E02000049,Barnet 026,19.34210526,49.47368421,22.76315789,8.421052632
E02000050,Barnet 027,10.16109046,37.17472119,26.39405204,26.27013631
E02000051,Barnet 028,7.519788918,29.81530343,29.94722955,32.7176781
E02000052,Barnet 029,6.682577566,38.424821,29.9522673,24.94033413
E02000054,Barnet 031,11.44781145,38.55218855,24.07407407,25.92592593
E02000055,Barnet 032,12.74944568,39.13525499,23.28159645,24.83370288
E02000056,Barnet 033,3.052325581,19.47674419,27.03488372,50.43604651
E02000057,Barnet 034,9.814814815,34.25925926,26.11111111,29.81481481
E02000058,Barnet 035,5.12195122,29.14634146,26.46341463,39.26829268
E02000059,Barnet 036,14.65614431,44.41939121,25.93010147,14.99436302
E02000060,Barnet 037,9.349593496,35.63685637,21.00271003,34.01084011
E02000061,Barnet 038,5.322128852,38.93557423,22.96918768,32.77310924
E02000062,Barnet 039,16.09195402,44.63601533,23.75478927,15.51724138
E02000063,Barnet 040,11.4638448,39.15343915,23.63315697,25.74955908
E02000064,Barnet 041,10.50724638,42.21014493,26.99275362,20.28985507
E02000065,Bexley 001,16.93693694,40.54054054,24.68468468,17.83783784
E02000066,Bexley 002,13.39915374,45.13399154,23.69534556,17.77150917
E02000067,Bexley 003,11.91969887,42.28356336,30.23839398,15.55834379
E02000068,Bexley 004,12.51956182,45.38341158,28.9514867,13.14553991
E02000069,Bexley 005,7.104795737,31.26110124,34.81349911,26.82060391
E02000070,Bexley 006,4.777070064,23.72611465,35.82802548,35.66878981
E02000071,Bexley 007,5.830388693,26.50176678,34.62897527,33.03886926
E02000072,Bexley 008,12.57995736,42.21748401,28.14498934,17.0575693
E02000073,Bexley 009,3.535353535,17.17171717,35.47979798,43.81313131
E02000074,Bexley 010,9.428571429,44.57142857,28,18
E02000075,Bexley 011,2.222222222,17.3015873,36.34920635,44.12698413
E02000077,Bexley 013,5.442176871,24.65986395,33.33333333,36.56462585
E02000078,Bexley 014,3.476821192,20.69536424,36.58940397,39.2384106
E02000079,Bexley 015,4.463040446,28.45188285,34.0306834,33.05439331
E02000080,Bexley 016,5.118110236,24.9343832,36.48293963,33.46456693
E02000081,Bexley 017,4.420731707,26.37195122,33.68902439,35.51829268
E02000082,Bexley 018,3.918722787,18.287373,34.97822932,42.81567489
E02000083,Bexley 019,5.968468468,31.86936937,35.58558559,26.57657658
E02000084,Bexley 020,2.976190476,18.57142857,35.11904762,43.33333333
E02000085,Bexley 021,4.390243902,23.90243902,39.83739837,31.8699187
E02000086,Bexley 022,2.329749104,20.78853047,34.40860215,42.47311828
E02000087,Bexley 023,2.259036145,18.07228916,33.28313253,46.38554217
E02000088,Bexley 024,2.684563758,16.77852349,35.5704698,44.96644295
E02000089,Bexley 025,1.890034364,15.63573883,34.02061856,48.45360825
E02000090,Bexley 026,4.410011919,34.68414779,34.92252682,25.98331347
E02000091,Bexley 027,3.262092238,32.05849269,32.28346457,32.39595051
E02000092,Bexley 028,6.998158379,34.80662983,33.33333333,24.86187845
E02000093,Brent 001,14.97326203,29.67914439,29.27807487,26.06951872
E02000094,Brent 002,15.58441558,36.7965368,25.82972583,21.78932179
E02000095,Brent 003,17.58241758,28.10047096,26.37362637,27.94348509
E02000096,Brent 004,8.8,24.2,23.4,43.6
E02000097,Brent 005,14.80263158,30.92105263,26.15131579,28.125
E02000098,Brent 006,14.26086957,33.04347826,24.69565217,28
E02000099,Brent 007,21.26929674,32.41852487,22.12692967,24.18524871
E02000100,Brent 008,11.50097466,23.97660819,22.417154,42.10526316
E02000101,Brent 009,19.35007386,39.73412112,22.59970458,18.31610044
E02000102,Brent 010,19.73929236,40.22346369,22.16014898,17.87709497
E02000103,Brent 011,17.31601732,41.55844156,20.92352092,20.2020202
E02000104,Brent 012,15.70247934,34.91735537,24.58677686,24.79338843
E02000105,Brent 013,21.09500805,38.3252818,22.86634461,17.71336554
E02000106,Brent 014,19.24686192,39.47001395,19.24686192,22.0362622
E02000107,Brent 015,13.64678899,46.10091743,21.67431193,18.57798165
E02000108,Brent 016,20.26431718,37.00440529,22.46696035,20.26431718
E02000110,Brent 018,11.00323625,37.86407767,24.27184466,26.86084142
E02000111,Brent 019,27.74294671,35.26645768,20.84639498,16.14420063
E02000112,Brent 020,24.74964235,35.76537911,20.45779685,19.02718169
E02000113,Brent 021,23.10030395,45.89665653,19.90881459,11.09422492
E02000114,Brent 022,13.74663073,49.19137466,22.10242588,14.95956873
E02000115,Brent 023,12.25806452,51.87096774,24,11.87096774
E02000116,Brent 024,19.9381762,48.37712519,21.63833076,10.04636785
E02000117,Brent 025,19.43277311,50.52521008,19.85294118,10.18907563
E02000118,Brent 026,28.52614897,34.70681458,20.91917591,15.84786054
E02000119,Brent 027,19.46902655,51.20101138,20.98609355,8.343868521
E02000120,Brent 028,10.36513545,51.23674912,24.6171967,13.78091873
E02000121,Brent 029,27.31034483,37.93103448,20.27586207,14.48275862
E02000122,Brent 030,8.702531646,33.86075949,25.3164557,32.12025316
E02000123,Brent 031,17.07317073,52.12285456,19.15085818,11.65311653
E02000124,Brent 032,8.413461538,40.38461538,30.52884615,20.67307692
E02000125,Brent 033,8.745247148,35.23447402,30.16476553,25.85551331
E02000126,Brent 034,16.71554252,57.03812317,21.70087977,4.545454545
E02000127,Bromley 001,8.454425363,37.25231176,31.17569353,23.11756935
E02000128,Bromley 002,3.425774878,22.0228385,37.52039152,37.03099511
E02000130,Bromley 004,5.729877217,34.92496589,28.78581173,30.55934516
E02000131,Bromley 005,8.481262327,51.38067061,28.69822485,11.43984221
E02000132,Bromley 006,6.072874494,41.90283401,33.09716599,18.92712551
E02000133,Bromley 007,1.385681293,14.3187067,25.51963048,58.77598152
E02000134,Bromley 008,6.509433962,39.24528302,32.54716981,21.69811321
E02000135,Bromley 009,11.69853768,52.86839145,25.19685039,10.23622047
E02000136,Bromley 010,4.793028322,25.27233115,29.84749455,40.08714597
E02000137,Bromley 011,3.950953678,31.88010899,29.83651226,34.33242507
E02000138,Bromley 012,2.418379686,29.86698912,34.82466747,32.88996372
E02000139,Bromley 013,4.084720121,31.92133132,31.16490166,32.8290469
E02000140,Bromley 014,9.580838323,40.56886228,29.64071856,20.20958084
E02000141,Bromley 015,6.62358643,36.18739903,31.17932149,26.00969305
E02000142,Bromley 016,3.617945007,24.60202605,30.53545586,41.24457308
E02000144,Bromley 018,4.988399072,33.64269142,30.04640371,31.3225058
E02000145,Bromley 019,9.686609687,39.17378917,32.76353276,18.37606838
E02000146,Bromley 020,4.084158416,31.18811881,36.50990099,28.21782178
E02000147,Bromley 021,2.52764613,18.64139021,25.59241706,53.2385466
E02000148,Bromley 022,1.851851852,16.11111111,29.62962963,52.40740741
E02000149,Bromley 023,5.327245053,29.9847793,36.68188737,28.00608828
E02000150,Bromley 024,2.884615385,20.51282051,31.41025641,45.19230769
E02000151,Bromley 025,1.178451178,10.77441077,28.95622896,59.09090909
E02000152,Bromley 026,5.49273021,30.04846527,34.24878837,30.21001616
E02000153,Bromley 027,2.07253886,12.60794473,33.33333333,51.98618307
E02000154,Bromley 028,3.776223776,24.33566434,30.34965035,41.53846154
E02000155,Bromley 029,3.776683087,21.18226601,38.0952381,36.94581281
E02000156,Bromley 030,2.158273381,19.11613566,28.57142857,50.15416238
E02000157,Bromley 031,1.06870229,12.97709924,33.12977099,52.82442748
E02000158,Bromley 032,4.777594728,21.08731466,28.83031301,45.30477759
E02000159,Bromley 033,1.592920354,13.09734513,29.02654867,56.28318584
E02000160,Bromley 034,2.467105263,20.55921053,33.55263158,43.42105263
E02000161,Bromley 035,1.646706587,15.41916168,35.02994012,47.90419162
E02000162,Bromley 036,2.702702703,24.32432432,33.9527027,39.02027027
E02000163,Bromley 037,1.954397394,14.33224756,29.64169381,54.07166124
E02000165,Bromley 039,2.18579235,17.12204007,33.5154827,47.17668488
E02000166,Camden 001,7.522123894,41.59292035,24.04129794,26.84365782
E02000167,Camden 002,2.666666667,35.55555556,31.85185185,29.92592593
E02000168,Camden 003,6.294706724,47.78254649,26.46638054,19.45636624
E02000169,Camden 004,3.966942149,31.57024793,33.88429752,30.5785124
E02000170,Camden 005,6.060606061,41.55844156,27.27272727,25.10822511
E02000171,Camden 006,6.306306306,43.24324324,30.78078078,19.66966967
E02000172,Camden 007,14.74597274,51.54894672,22.9244114,10.78066914
E02000173,Camden 008,4.714285714,48.14285714,30.14285714,17
E02000174,Camden 009,10.56338028,51.97183099,24.64788732,12.81690141
E02000175,Camden 010,6.852497096,53.07781649,26.71312427,13.35656214
E02000176,Camden 011,3,47.66666667,34.66666667,14.66666667
E02000177,Camden 012,12.99589603,50.20519836,25.99179207,10.80711354
E02000178,Camden 013,12.70983213,54.91606715,23.74100719,8.633093525
E02000179,Camden 014,9.019607843,43.52941176,30.78431373,16.66666667
E02000180,Camden 015,10.81081081,50.92460882,27.02702703,11.23755334
E02000181,Camden 016,5.725699068,46.33821571,35.01997337,12.91611185
E02000182,Camden 017,8.265802269,43.11183144,31.44246353,17.17990276
E02000183,Camden 018,6.906077348,47.6519337,28.17679558,17.26519337
E02000184,Camden 019,12.39669421,52.0661157,26.58402204,8.953168044
E02000185,Camden 020,14.4963145,57.002457,20.63882064,7.862407862
E02000186,Camden 021,8.319185059,54.83870968,22.92020374,13.92190153
E02000187,Camden 022,18.47968545,53.86631717,20.18348624,7.47051114
E02000188,Camden 023,19.88950276,51.74953959,19.33701657,9.023941068
E02000191,Camden 026,6.888361045,56.7695962,28.74109264,7.600950119
E02000192,Camden 027,12.94498382,55.66343042,23.62459547,7.766990291
E02000193,Camden 028,6.92431562,61.03059581,22.54428341,9.500805153
E02000194,Croydon 001,8.085612366,45.65992866,28.41854935,17.83590963
E02000195,Croydon 002,8.022922636,24.49856734,30.37249284,37.10601719
E02000196,Croydon 003,13.4751773,30.31914894,22.16312057,34.04255319
E02000197,Croydon 004,12.97134238,32.42835596,27.60180995,26.9984917
E02000198,Croydon 005,13.24786325,42.45014245,28.63247863,15.66951567
E02000199,Croydon 006,9.968847352,33.17757009,29.2834891,27.57009346
E02000200,Croydon 007,9.625,45.625,27.25,17.5
E02000201,Croydon 008,15.07208388,50.327654,22.01834862,12.5819135
E02000202,Croydon 009,13.17957166,31.63097199,28.33607908,26.85337727
E02000203,Croydon 010,15.54487179,45.19230769,22.59615385,16.66666667
E02000204,Croydon 011,15.96899225,32.86821705,25.73643411,25.42635659
E02000206,Croydon 013,15.22956327,46.80851064,25.75587906,12.20604703
E02000207,Croydon 014,11.51685393,41.01123596,28.79213483,18.67977528
E02000208,Croydon 015,20.97560976,48.65853659,20.48780488,9.87804878
E02000209,Croydon 016,15.8496732,40.68627451,26.96078431,16.50326797
E02000210,Croydon 017,8.998548621,32.8011611,33.67198839,24.52830189
E02000211,Croydon 018,3.039513678,20.97264438,36.17021277,39.81762918
E02000212,Croydon 019,18.83614089,41.5007657,25.8805513,13.78254211
E02000213,Croydon 020,17.99628942,54.08163265,20.59369202,7.3283859
E02000214,Croydon 021,5.172413793,20.47413793,27.5862069,46.76724138
E02000215,Croydon 022,12.4643197,48.62036156,24.35775452,14.55756422
E02000216,Croydon 023,8.319185059,36.67232598,25.46689304,29.54159593
E02000217,Croydon 024,13.94422311,48.10756972,26.4940239,11.45418327
E02000218,Croydon 025,13.00639659,28.14498934,26.43923241,32.40938166
E02000219,Croydon 026,2.847571189,15.41038526,30.48576214,51.25628141
E02000221,Croydon 028,12.1706399,38.89585947,29.73651192,19.19698871
E02000222,Croydon 029,7.565337001,36.31361761,31.0866575,25.0343879
E02000223,Croydon 030,18.45878136,43.5483871,22.22222222,15.77060932
E02000224,Croydon 031,8.71559633,36.39143731,29.05198777,25.84097859
E02000225,Croydon 032,10.15037594,32.89473684,31.01503759,25.93984962
E02000226,Croydon 033,3.231597846,11.49012567,25.67324955,59.60502693
E02000227,Croydon 034,6.095041322,32.74793388,30.78512397,30.37190083
E02000228,Croydon 035,2.329450915,12.14642263,25.95673877,59.56738769
E02000229,Croydon 036,13.42281879,40.49217002,28.18791946,17.89709172
E02000230,Croydon 037,5.555555556,29.90543735,27.18676123,37.35224586
E02000231,Croydon 038,3.272727273,13.63636364,20.36363636,62.72727273
E02000232,Croydon 039,3.171247357,16.06765328,33.82663848,46.93446089
E02000233,Croydon 040,5.230125523,24.68619247,32.63598326,37.44769874
E02000234,Croydon 041,4.845222073,29.74427995,28.53297443,36.87752355
E02000235,Croydon 042,3.759398496,18.23308271,29.69924812,48.30827068
E02000236,Croydon 043,3.474320242,15.40785498,31.72205438,49.39577039
E02000237,Croydon 044,2.97029703,19.30693069,32.50825083,45.21452145
E02000238,Ealing 001,15.93038822,40.16064257,25.0334672,18.87550201
E02000239,Ealing 002,10.92150171,27.81569966,27.1331058,34.12969283
E02000240,Ealing 003,17.84338896,41.59178434,26.44415918,14.12066752
E02000241,Ealing 004,13.84615385,35.96153846,29.61538462,20.57692308
E02000242,Ealing 005,14.79820628,32.28699552,27.13004484,25.78475336
E02000243,Ealing 006,13.09904153,38.17891374,25.87859425,22.84345048
E02000244,Ealing 007,10.90289608,37.47870528,26.06473595,25.55366269
E02000245,Ealing 008,20.38690476,49.4047619,20.98214286,9.226190476
E02000246,Ealing 009,18.72964169,41.20521173,23.61563518,16.4495114
E02000247,Ealing 010,18.07692308,42.82051282,25.76923077,13.33333333
E02000248,Ealing 011,11.8729097,39.13043478,26.08695652,22.909699
E02000249,Ealing 012,16.32302405,36.59793814,25.60137457,21.47766323
E02000250,Ealing 013,4.322200393,24.95088409,27.11198428,43.61493124
E02000251,Ealing 014,13.77952756,31.1023622,28.34645669,26.77165354
E02000252,Ealing 015,13.03854875,51.58730159,19.84126984,15.53287982
E02000253,Ealing 016,14.84375,43.75,25.65104167,15.75520833
E02000254,Ealing 017,18.96551724,29.88505747,26.81992337,24.32950192
E02000255,Ealing 018,10.54018445,35.96837945,23.58366271,29.90777339
E02000256,Ealing 019,5.962732919,42.36024845,25.46583851,26.21118012
E02000258,Ealing 021,9.807692308,39.23076923,25.76923077,25.19230769
E02000259,Ealing 022,8.559498956,32.56784969,26.51356994,32.35908142
E02000260,Ealing 023,24.27536232,32.97101449,21.55797101,21.19565217
E02000261,Ealing 024,13.16582915,45.12562814,23.81909548,17.88944724
E02000262,Ealing 025,11.66032953,48.4157161,22.56020279,17.36375158
E02000263,Ealing 026,27.53424658,35.06849315,20.1369863,17.26027397
E02000264,Ealing 027,7.757404795,38.9280677,22.99012694,30.32440056
E02000265,Ealing 028,10.78224101,46.7230444,23.78435518,18.71035941
E02000266,Ealing 029,19.44121071,44.93597206,20.7217695,14.90104773
E02000267,Ealing 030,9.147286822,40.93023256,28.52713178,21.39534884
E02000268,Ealing 031,7.235142119,34.75452196,25.96899225,32.04134367
E02000269,Ealing 032,5.303030303,30.3030303,28.63636364,35.75757576
E02000270,Ealing 033,13.12272175,53.09842041,25.15188335,8.626974484
E02000271,Ealing 034,3.355704698,26.84563758,27.01342282,42.7852349
E02000272,Ealing 035,5.128205128,24.45759369,29.58579882,40.82840237
E02000275,Ealing 038,24.46808511,38.29787234,17.23404255,20
E02000276,Ealing 039,6.972477064,35.96330275,27.70642202,29.35779817
E02000277,Enfield 001,12.57142857,36.57142857,26.0952381,24.76190476
E02000278,Enfield 002,14.97005988,41.31736527,25.4491018,18.26347305
E02000279,Enfield 003,16.64779162,45.97961495,22.76330691,14.60928652
E02000280,Enfield 004,7.331378299,29.03225806,33.87096774,29.76539589
E02000281,Enfield 005,12.81690141,40,29.29577465,17.88732394
E02000282,Enfield 006,19.76911977,46.03174603,21.21212121,12.98701299
E02000283,Enfield 007,12.67857143,35.17857143,27.67857143,24.46428571
E02000284,Enfield 008,6.906077348,33.83977901,31.07734807,28.17679558
E02000285,Enfield 009,3.861788618,17.68292683,29.87804878,48.57723577
E02000286,Enfield 010,5.75,34.875,31.875,27.5
E02000287,Enfield 011,3.832752613,22.82229965,25.78397213,47.56097561
E02000288,Enfield 012,20.71516646,40.81381011,21.70160296,16.76942047
E02000289,Enfield 013,3.909465021,17.0781893,28.80658436,50.20576132
E02000290,Enfield 014,19.68190855,48.70775348,20.07952286,11.53081511
E02000291,Enfield 015,11.54734411,44.57274827,28.06004619,15.81986143
E02000292,Enfield 016,9.523809524,30.39215686,32.63305322,27.45098039
E02000293,Enfield 017,3.80761523,18.83767535,26.65330661,50.70140281
E02000294,Enfield 018,14.77272727,36.03896104,26.94805195,22.24025974
E02000295,Enfield 019,8.059701493,30,32.3880597,29.55223881
E02000296,Enfield 020,11.61928307,37.94808405,31.14956737,19.28306551
E02000297,Enfield 021,5.035971223,21.8705036,28.20143885,44.89208633
E02000298,Enfield 022,5.237315876,19.47626841,26.02291326,49.26350245
E02000299,Enfield 023,16.7673716,41.23867069,24.7734139,17.22054381
E02000300,Enfield 024,18.96838602,37.93677205,22.4625624,20.63227953
E02000301,Enfield 025,19.83914209,44.63806971,22.38605898,13.13672922
E02000302,Enfield 026,10.43338684,26.4847512,28.73194222,34.34991974
E02000303,Enfield 027,17.98319328,45.37815126,20.67226891,15.96638655
E02000304,Enfield 028,5.154639175,18.90034364,24.22680412,51.71821306
E02000305,Enfield 029,10.41968162,35.74529667,24.60202605,29.23299566
E02000306,Enfield 030,23.23529412,49.55882353,19.26470588,7.941176471
E02000307,Enfield 031,13.0044843,31.39013453,29.89536622,25.71001495
E02000308,Enfield 032,12.40310078,33.33333333,27.90697674,26.35658915
E02000309,Enfield 033,20.9273183,39.97493734,24.18546366,14.9122807
E02000311,Enfield 035,16.91884457,33.70013755,25.17193948,24.2090784
E02000312,Enfield 036,13.12569522,39.37708565,24.13793103,23.3592881
E02000313,Greenwich 001,16.57032755,48.36223507,21.00192678,14.0655106
E02000314,Greenwich 002,19.18412348,43.10915105,26.57111356,11.13561191
E02000315,Greenwich 003,17.47851003,42.12034384,25.50143266,14.89971347
E02000317,Greenwich 005,16.66666667,46.27659574,22.16312057,14.89361702
E02000318,Greenwich 006,20.11173184,39.38547486,23.88268156,16.62011173
E02000319,Greenwich 007,16.34738186,42.40102171,27.5862069,13.66538953
E02000320,Greenwich 008,13.0859375,35.546875,29.8828125,21.484375
E02000321,Greenwich 009,19.2893401,46.70050761,22.16582064,11.84433164
E02000323,Greenwich 011,17.21991701,48.02904564,22.71784232,12.03319502
E02000324,Greenwich 012,12.08406305,42.55691769,24.16812609,21.19089317
E02000326,Greenwich 014,7.049180328,33.27868852,34.75409836,24.91803279
E02000327,Greenwich 015,13.4469697,46.78030303,24.0530303,15.71969697
E02000328,Greenwich 016,4.584040747,39.55857385,30.56027165,25.29711375
E02000329,Greenwich 017,9.330628803,31.84584178,31.64300203,27.18052738
E02000331,Greenwich 019,9.733124019,41.44427002,29.19937206,19.62323391
E02000332,Greenwich 020,7.178631052,27.71285476,31.21869783,33.88981636
E02000333,Greenwich 021,4.166666667,38.54166667,30.20833333,27.08333333
E02000334,Greenwich 022,8.267716535,31.49606299,30.51181102,29.72440945
E02000335,Greenwich 023,3.667953668,20.65637066,34.94208494,40.73359073
E02000337,Greenwich 025,9.253246753,31.49350649,33.27922078,25.97402597
E02000339,Greenwich 027,4.826254826,27.99227799,26.44787645,40.73359073
E02000340,Greenwich 028,5.463576159,31.78807947,33.11258278,29.63576159
E02000341,Greenwich 029,11.39455782,36.39455782,31.63265306,20.57823129
E02000342,Greenwich 030,7.692307692,36.96581197,31.1965812,24.14529915
E02000343,Greenwich 031,7.421150278,32.83858998,25.78849722,33.95176252
E02000344,Greenwich 032,4.897959184,22.44897959,30.6122449,42.04081633
E02000345,Hackney 001,17.40812379,42.74661509,18.95551257,20.88974855
E02000346,Hackney 002,14.35768262,53.40050378,24.68513854,7.556675063
E02000347,Hackney 003,18.79844961,44.37984496,21.12403101,15.69767442
E02000348,Hackney 004,19.81651376,47.88990826,21.10091743,11.19266055
E02000350,Hackney 006,13.41463415,49.59349593,20.86720867,16.12466125
E02000351,Hackney 007,9.692671395,54.37352246,25.88652482,10.04728132
E02000352,Hackney 008,11.54562384,47.858473,26.25698324,14.33891993
E02000353,Hackney 009,6.973058637,44.69096672,27.09984152,21.23613312
E02000354,Hackney 010,14.66165414,53.13283208,22.05513784,10.15037594
E02000355,Hackney 011,9.791332263,42.69662921,25.04012841,22.47191011
E02000356,Hackney 012,7.843137255,46.07843137,27.12418301,18.95424837
E02000357,Hackney 013,16.17647059,52.02205882,21.69117647,10.11029412
E02000358,Hackney 014,11.00726895,50.98650052,24.92211838,13.08411215
E02000359,Hackney 015,12.5,39.54918033,25.6147541,22.33606557
E02000360,Hackney 016,14.84536082,55.97938144,22.68041237,6.494845361
E02000361,Hackney 017,11.95652174,56.11413043,23.23369565,8.695652174
E02000362,Hackney 018,13.01247772,50.08912656,24.7771836,12.12121212
E02000363,Hackney 019,17.70011274,51.9729425,22.43517475,7.891770011
E02000364,Hackney 020,8.902439024,50.85365854,25.36585366,14.87804878
E02000366,Hackney 022,11.44067797,49.15254237,25,14.40677966
E02000367,Hackney 023,10.43478261,51.84782609,28.36956522,9.347826087
E02000368,Hackney 024,13.95908544,52.3465704,24.42839952,9.265944645
E02000369,Hackney 025,12.65822785,53.16455696,26.83544304,7.341772152
E02000370,Hackney 026,12.78195489,55.13784461,24.56140351,7.518796992
E02000372,Hammersmith and Fulham 001,13.65979381,51.15979381,24.09793814,11.08247423
E02000373,Hammersmith and Fulham 002,20.47244094,48.03149606,21.45669291,10.03937008
E02000374,Hammersmith and Fulham 003,11.49425287,40.99616858,25.09578544,22.4137931
E02000375,Hammersmith and Fulham 004,13.57142857,54.57142857,20.85714286,11
E02000376,Hammersmith and Fulham 005,10.83202512,57.29984301,20.56514914,11.30298273
E02000377,Hammersmith and Fulham 006,11.4658926,51.81422351,22.06095791,14.65892598
E02000378,Hammersmith and Fulham 007,9.370199693,58.37173579,22.2734255,9.984639017
E02000379,Hammersmith and Fulham 008,8.373590982,44.60547504,24.47665056,22.54428341
E02000380,Hammersmith and Fulham 009,6.2,45.2,26.4,22.2
E02000381,Hammersmith and Fulham 010,7.757404795,49.0832158,23.977433,19.1819464
E02000382,Hammersmith and Fulham 011,8.468468468,46.66666667,26.12612613,18.73873874
E02000383,Hammersmith and Fulham 012,8.02919708,54.98783455,25.79075426,11.19221411
E02000384,Hammersmith and Fulham 013,10.10498688,55.38057743,23.09711286,11.41732283
E02000385,Hammersmith and Fulham 014,6.666666667,57.54385965,23.68421053,12.10526316
E02000386,Hammersmith and Fulham 015,14.9851632,53.115727,21.51335312,10.38575668
E02000387,Hammersmith and Fulham 016,9.073359073,48.84169884,23.16602317,18.91891892
E02000388,Hammersmith and Fulham 017,6.900726392,53.75302663,25.78692494,13.55932203
E02000389,Hammersmith and Fulham 018,5.034013605,37.41496599,29.79591837,27.75510204
E02000390,Hammersmith and Fulham 019,6.813996317,43.46224678,26.15101289,23.57274401
E02000391,Hammersmith and Fulham 020,5.335365854,37.95731707,26.67682927,30.0304878
E02000392,Hammersmith and Fulham 021,7.558859975,43.12267658,26.27013631,23.04832714
E02000393,Hammersmith and Fulham 022,3.861003861,36.48648649,34.55598456,25.0965251
E02000394,Hammersmith and Fulham 023,8.16091954,48.62068966,31.6091954,11.6091954
E02000395,Hammersmith and Fulham 024,4.15879017,37.0510397,27.22117202,31.56899811
E02000396,Hammersmith and Fulham 025,9.205776173,36.82310469,25.45126354,28.5198556
E02000397,Haringey 001,14.84149856,50,22.62247839,12.53602305
E02000398,Haringey 002,24.30555556,44.61805556,18.57638889,12.5
E02000400,Haringey 004,14.90384615,38.30128205,24.19871795,22.59615385
E02000401,Haringey 005,17.57575758,39.19191919,28.08080808,15.15151515
E02000402,Haringey 006,19.58762887,43.09278351,24.74226804,12.57731959
E02000403,Haringey 007,15.69282137,45.07512521,23.53923205,15.69282137
E02000404,Haringey 008,17.48120301,40.03759398,25.7518797,16.72932331
E02000405,Haringey 009,6.097560976,26.01626016,25,42.88617886
E02000406,Haringey 010,16.6023166,42.08494208,27.22007722,14.09266409
E02000407,Haringey 011,19.13477537,48.08652246,20.13311148,12.64559068
E02000408,Haringey 012,20.66666667,44.5,23,11.83333333
E02000409,Haringey 013,20.04219409,44.7257384,20.25316456,14.97890295
E02000410,Haringey 014,5.172413793,37.54789272,25.67049808,31.6091954
E02000411,Haringey 015,19.13814956,46.89480355,23.7008872,10.2661597
E02000412,Haringey 016,17.2173913,49.04347826,20.52173913,13.2173913
E02000413,Haringey 017,5.922165821,33.1641286,26.73434856,34.17935702
E02000414,Haringey 018,13.44383057,40.14732965,25.04604052,21.36279926
E02000415,Haringey 019,14.08450704,42.42957746,24.11971831,19.36619718
E02000416,Haringey 020,9.183673469,53.31632653,26.02040816,11.47959184
E02000417,Haringey 021,4.537521815,36.30017452,27.7486911,31.41361257
E02000418,Haringey 022,3.846153846,27.14932127,27.14932127,41.85520362
E02000419,Haringey 023,12.77472527,46.42857143,23.21428571,17.58241758
E02000420,Haringey 024,14.84716157,50.0727802,23.72634643,11.35371179
E02000421,Haringey 025,20.22292994,50.31847134,18.78980892,10.66878981
E02000422,Haringey 026,17.30103806,44.29065744,23.70242215,14.70588235
E02000423,Haringey 027,12.89719626,42.80373832,23.92523364,20.37383178
E02000424,Haringey 028,6.700167504,43.55108878,27.13567839,22.61306533
E02000425,Haringey 029,20.32332564,36.48960739,20.55427252,22.63279446
E02000426,Haringey 030,5.100182149,31.51183971,30.23679417,33.15118397
E02000427,Haringey 031,9.581881533,47.90940767,21.60278746,20.90592334
E02000428,Haringey 032,19.52054795,47.7739726,20.37671233,12.32876712
E02000429,Haringey 033,4.836193448,42.27769111,29.79719189,23.08892356
E02000430,Haringey 034,5.238828968,48.99845917,27.42681048,18.33590139
E02000431,Haringey 035,3.345070423,40.49295775,32.92253521,23.23943662
E02000432,Haringey 036,7.513416816,49.01610018,27.37030411,16.10017889
E02000433,Harrow 001,7.768361582,27.96610169,31.21468927,33.05084746
E02000434,Harrow 002,9.766162311,29.98624484,25.7221458,34.52544704
E02000435,Harrow 003,12.43339254,25.39964476,28.95204263,33.21492007
E02000436,Harrow 004,3.902439024,14.3902439,24.63414634,57.07317073
E02000437,Harrow 005,10.19417476,28.96440129,27.66990291,33.17152104
E02000438,Harrow 006,11.49425287,32.51231527,26.76518883,29.22824302
E02000439,Harrow 007,17.31748727,33.44651952,26.14601019,23.08998302
E02000440,Harrow 008,8.183306056,18.98527005,28.80523732,44.02618658
E02000441,Harrow 009,9.318996416,31.54121864,28.49462366,30.64516129
E02000442,Harrow 010,19.36090226,31.01503759,25.56390977,24.06015038
E02000443,Harrow 011,17.48942172,38.64598025,25.24682652,18.61777151
E02000444,Harrow 012,14.57943925,26.1682243,27.47663551,31.77570093
E02000445,Harrow 013,18.32460733,37.95811518,24.34554974,19.37172775
E02000447,Harrow 015,8.378870674,25.86520947,27.32240437,38.43351548
E02000448,Harrow 016,5.97826087,21.55797101,26.99275362,45.47101449
E02000449,Harrow 017,16.43564356,30.89108911,27.92079208,24.75247525
E02000451,Harrow 019,6.43776824,20.60085837,28.54077253,44.42060086
E02000452,Harrow 020,16.08695652,42.89855072,23.33333333,17.68115942
E02000453,Harrow 021,11.65845649,36.28899836,24.46633826,27.5862069
E02000454,Harrow 022,3.366336634,17.02970297,30.89108911,48.71287129
E02000455,Harrow 023,13.23529412,49.05462185,24.68487395,13.02521008
E02000456,Harrow 024,13.25966851,30.93922652,25.78268877,30.01841621
E02000457,Harrow 025,9.941520468,30.21442495,26.70565302,33.13840156
E02000459,Harrow 027,17.39766082,43.56725146,22.95321637,16.08187135
E02000460,Harrow 028,15.76763485,38.17427386,28.83817427,17.21991701
E02000461,Harrow 029,10.3515625,35.9375,30.6640625,23.046875
E02000462,Harrow 030,15.97374179,33.04157549,26.69584245,24.28884026
E02000463,Harrow 031,13.73239437,34.50704225,29.04929577,22.71126761
E02000464,Havering 001,8.362369338,36.75958188,32.40418118,22.4738676
E02000465,Havering 002,9.455587393,37.10601719,31.51862464,21.91977077
E02000466,Havering 003,7.598784195,28.72340426,32.21884498,31.45896657
E02000467,Havering 004,12.57275902,49.12689173,23.16647264,15.1338766
E02000468,Havering 005,5.696202532,25.79113924,32.91139241,35.60126582
E02000469,Havering 006,8.518518519,37.40740741,33.7037037,20.37037037
E02000470,Havering 007,3.631961259,28.4503632,34.74576271,33.17191283
E02000471,Havering 008,3.395585739,13.92190153,33.61629881,49.06621392
E02000472,Havering 009,5.106382979,23.40425532,35.31914894,36.17021277
E02000473,Havering 010,4.472049689,22.98136646,32.67080745,39.8757764
E02000474,Havering 011,7.648725212,34.41926346,31.30311615,26.62889518
E02000475,Havering 012,4.166666667,24.24242424,30.3030303,41.28787879
E02000476,Havering 013,10.02386635,48.09069212,25.89498807,15.99045346
E02000477,Havering 014,2.69179004,15.74697174,35.12786003,46.4333782
E02000478,Havering 015,2.325581395,11.39534884,25.11627907,61.1627907
E02000479,Havering 016,8.311345646,37.99472296,31.26649077,22.42744063
E02000480,Havering 017,11.77644711,38.62275449,28.84231537,20.75848303
E02000481,Havering 018,3.543913713,18.18181818,36.36363636,41.91063174
E02000482,Havering 019,1.165048544,12.42718447,30.48543689,55.9223301
E02000483,Havering 020,4.755043228,31.98847262,33.71757925,29.5389049
E02000484,Havering 021,3.840245776,21.65898618,33.1797235,41.32104455
E02000485,Havering 022,3.47826087,21.5942029,41.30434783,33.62318841
E02000486,Havering 023,3.846153846,22.40802676,35.11705686,38.62876254
E02000487,Havering 024,1.528013582,10.3565365,30.39049236,57.72495756
E02000488,Havering 025,2.32172471,18.07628524,34.49419569,45.10779436
E02000489,Havering 026,5.36809816,26.07361963,30.36809816,38.19018405
E02000490,Havering 027,5.426356589,25.58139535,33.02325581,35.96899225
E02000491,Havering 028,9.021601017,33.92630241,31.63913596,25.41296061
E02000492,Havering 029,3.816793893,19.84732824,33.77862595,42.55725191
E02000493,Havering 030,9.6,35,30.2,25.2
E02000494,Hillingdon 001,3.571428571,25.1552795,25.46583851,45.80745342
E02000495,Hillingdon 002,8.236658933,36.19489559,30.85846868,24.7099768
E02000496,Hillingdon 003,6.761006289,32.0754717,32.70440252,28.4591195
E02000497,Hillingdon 004,6.639566396,28.99728997,33.33333333,31.0298103
E02000498,Hillingdon 005,5.303030303,31.43939394,31.43939394,31.81818182
E02000499,Hillingdon 006,3.814262023,20.23217247,33.16749585,42.78606965
E02000500,Hillingdon 007,3.933434191,23.14674735,29.95461422,42.96520424
E02000501,Hillingdon 008,4.128440367,24.4648318,36.69724771,34.70948012
E02000502,Hillingdon 009,5.52407932,29.32011331,38.66855524,26.48725212
E02000503,Hillingdon 010,4.4546851,24.42396313,40.55299539,30.56835637
E02000504,Hillingdon 011,2.393162393,17.94871795,32.82051282,46.83760684
E02000506,Hillingdon 013,3.281519862,19.68911917,24.52504318,52.50431779
E02000507,Hillingdon 014,8.078994614,25.49371634,33.75224417,32.67504488
E02000508,Hillingdon 015,8.881199539,44.17531719,27.45098039,19.49250288
E02000509,Hillingdon 016,12.7753304,45.37444934,24.52276065,17.32745962
E02000510,Hillingdon 017,8.128834356,30.52147239,29.60122699,31.74846626
E02000511,Hillingdon 018,10.58282209,33.89570552,29.14110429,26.3803681
E02000512,Hillingdon 019,15.11254019,39.54983923,28.93890675,16.39871383
E02000513,Hillingdon 020,20.60150376,43.90977444,24.66165414,10.82706767
E02000514,Hillingdon 021,17.48031496,34.17322835,28.97637795,19.37007874
E02000515,Hillingdon 022,14.29906542,48.97196262,23.17757009,13.55140187
E02000516,Hillingdon 023,16.87388988,38.89875666,27.53108348,16.69626998
E02000517,Hillingdon 024,17.77108434,39.30722892,26.05421687,16.86746988
E02000518,Hillingdon 025,11.26126126,40.39039039,28.37837838,19.96996997
E02000519,Hillingdon 026,19.86754967,41.7218543,23.17880795,15.23178808
E02000520,Hillingdon 027,20.85201794,40.35874439,23.0941704,15.69506726
E02000521,Hillingdon 028,14.92537313,42.13547646,27.43972445,15.49942595
E02000522,Hillingdon 029,13.18051576,37.39255014,26.79083095,22.63610315
E02000523,Hillingdon 030,18.07065217,40.2173913,24.18478261,17.52717391
E02000524,Hillingdon 031,15.90909091,39.96212121,24.81060606,19.31818182
E02000525,Hillingdon 032,25.15060241,40.51204819,21.38554217,12.95180723
E02000526,Hounslow 001,4.426002766,31.25864454,27.66251729,36.65283541
E02000529,Hounslow 004,18.61614498,37.0675453,24.54695222,19.7693575
E02000530,Hounslow 005,24.45328032,44.13518887,20.27833002,11.1332008
E02000531,Hounslow 006,8.198380567,44.43319838,28.13765182,19.23076923
E02000532,Hounslow 007,5.897771953,31.45478375,27.26081258,35.38663172
E02000533,Hounslow 008,5.149051491,35.50135501,29.13279133,30.21680217
E02000534,Hounslow 009,10,31.5,26.5,32
E02000535,Hounslow 010,16.5,33,23.66666667,26.83333333
E02000536,Hounslow 011,17.25731895,36.36363636,24.19106317,22.18798151
E02000537,Hounslow 012,15.34810127,29.2721519,23.89240506,31.48734177
E02000538,Hounslow 013,22.12978369,32.44592346,22.7953411,22.62895175
E02000539,Hounslow 014,11.73361522,41.64904863,30.65539112,15.96194503
E02000540,Hounslow 015,16.61092531,45.93088071,22.6309922,14.82720178
E02000541,Hounslow 016,23.96946565,35.11450382,23.35877863,17.55725191
E02000542,Hounslow 017,24.81012658,44.55696203,16.83544304,13.79746835
E02000543,Hounslow 018,23.90194076,43.82022472,18.79468846,13.48314607
E02000544,Hounslow 019,8.561643836,25.51369863,29.79452055,36.13013699
E02000545,Hounslow 020,12.83497884,39.4922426,27.92665726,19.7461213
E02000546,Hounslow 021,20.4437401,38.51030111,23.6133122,17.43264659
E02000547,Hounslow 022,14.80519481,41.03896104,27.27272727,16.88311688
E02000548,Hounslow 023,16.37583893,44.83221477,23.75838926,15.03355705
E02000549,Hounslow 024,14.21568627,34.43627451,29.28921569,22.05882353
E02000550,Hounslow 025,17.06989247,45.16129032,24.32795699,13.44086022
E02000551,Hounslow 026,17.10526316,46.78362573,22.95321637,13.15789474
E02000552,Hounslow 027,13.26378539,40.83457526,29.06110283,16.84053651
E02000553,Hounslow 028,10.76923077,35.38461538,29.80769231,24.03846154
E02000554,Islington 001,12.24732461,54.57788347,22.11652794,11.05826397
E02000555,Islington 002,9.417596035,46.71623296,25.03097893,18.83519207
E02000556,Islington 003,10,55.45454545,22.82828283,11.71717172
E02000557,Islington 004,9.903381643,57.97101449,22.82608696,9.299516908
E02000558,Islington 005,17.2979798,56.69191919,17.67676768,8.333333333
E02000559,Islington 006,7.88485607,46.80851064,26.78347935,18.52315394
E02000560,Islington 007,9.93883792,55.19877676,23.24159021,11.62079511
E02000561,Islington 008,6.170886076,45.09493671,25.47468354,23.25949367
E02000562,Islington 009,7.604017217,49.49784792,27.83357245,15.06456241
E02000563,Islington 010,11.52849741,56.34715026,23.31606218,8.808290155
E02000564,Islington 011,9.443954104,59.22330097,24.88967343,6.443071492
E02000565,Islington 012,12.58941345,54.22031474,24.46351931,8.726752504
E02000566,Islington 013,5.859375,45.57291667,28.125,20.44270833
E02000567,Islington 014,7.967313585,53.62614913,27.88559755,10.52093973
E02000568,Islington 015,11.02783726,58.45824411,22.80513919,7.708779443
E02000569,Islington 016,9.347826087,50.43478261,26.95652174,13.26086957
E02000570,Islington 017,5.639097744,48.12030075,27.94486216,18.29573935
E02000571,Islington 018,8.363636364,52.96969697,28.96969697,9.696969697
E02000572,Islington 019,13.33333333,54.75177305,23.12056738,8.794326241
E02000573,Islington 020,5.792682927,51.62601626,27.94715447,14.63414634
E02000574,Islington 021,6.93481276,54.64632455,30.09708738,8.321775312
E02000575,Islington 022,8.131655373,54.88867377,28.75121007,8.228460794
E02000576,Islington 023,10.1010101,58.48484848,25.65656566,5.757575758
E02000577,Kensington and Chelsea 001,18.11023622,55.11811024,20.15748031,6.614173228
E02000578,Kensington and Chelsea 002,18.65509761,48.59002169,23.21041215,9.544468547
E02000579,Kensington and Chelsea 003,12.82722513,47.51308901,24.7382199,14.92146597
E02000580,Kensington and Chelsea 004,11.16687578,57.71643664,23.21204517,7.904642409
E02000581,Kensington and Chelsea 005,15.25704809,53.73134328,20.56384743,10.44776119
E02000582,Kensington and Chelsea 006,4.892966361,50.76452599,29.66360856,14.67889908
E02000583,Kensington and Chelsea 007,4.494382022,43.82022472,28.73194222,22.95345104
E02000584,Kensington and Chelsea 008,5.547226387,39.43028486,31.93403298,23.08845577
E02000585,Kensington and Chelsea 009,9.601181684,39.88183161,30.87149188,19.64549483
E02000586,Kensington and Chelsea 010,6.076388889,34.54861111,35.24305556,24.13194444
E02000587,Kensington and Chelsea 011,4.297520661,35.70247934,32.72727273,27.27272727
E02000588,Kensington and Chelsea 012,3.414634146,38.37398374,35.28455285,22.92682927
