MSOA CODE,No qualifications,Level 1 and entry level qualifications,Level 2 qualifications,Apprenticeship,Level 3 qualifications,Level 4 qualifications or above,Other qualifications
E02000001,6.607544342,2.785410942,4.896327754,0.999250562,8.843367474,74.1818636,1.686235324
E02000002,23.94319131,10.72681704,13.13283208,4.193817878,13.70091896,30.91060986,3.391812865
E02000003,21.30184202,10.36275285,12.45338456,4.056955588,14.12588993,34.01514295,3.684032094
E02000004,23.49952963,10.53621825,12.47412982,5.136406397,14.61900282,30.74317968,2.991533396
E02000005,22.26811866,9.876079609,12.70496933,3.942921517,13.60620854,33.78395294,3.817749405
E02000007,23.80123225,10.63487811,13.16635414,4.178944549,13.19314224,31.70372355,3.321725154
E02000008,25.21571414,10.86184144,13.85646127,4.009745204,13.5214699,28.51487159,4.019896457
E02000009,22.20440453,9.846055164,13.03185803,3.923455206,13.73743853,33.50438315,3.752405388
E02000010,23.81625442,10.7844523,12.76325088,4.212014134,13.59717314,30.99646643,3.830388693
E02000011,25.47065338,10.29900332,12.07087486,4.688076781,12.56921373,31.1369509,3.765227021
E02000012,19.32165065,10.19785189,13.1147541,3.052572075,16.08818542,34.16619559,4.058790277
E02000013,25.92964824,10.75376884,12.84996411,4.436468055,12.73510409,30.07896626,3.216080402
E02000014,25.92492937,11.24714113,13.73604197,4.412753935,12.91537737,28.252388,3.511368223
E02000015,23.1496847,9.824095586,13.90640558,4.231662795,12.89412546,32.64188516,3.352140724
E02000016,18.00316539,8.81034028,9.905038248,2.927987338,12.35821683,43.90662094,4.088630968
E02000017,23.13401484,11.09088363,11.67903655,3.052793726,12.32320403,34.63100406,4.089063156
E02000018,23.91024725,10.93325711,12.14806346,4.559096756,13.26282693,31.68500786,3.501500643
E02000019,23.4121333,10.86585019,12.81686129,3.631444033,13.89917402,31.77157505,3.602962119
E02000020,21.49259548,9.236165238,11.48674981,3.215120811,13.06508184,37.69485581,3.809431021
E02000021,23.36683417,11.57349246,12.7669598,3.910175879,13.23806533,31.42273869,3.721733668
E02000022,16.67282127,9.361152142,11.05982275,2.511078287,13.60782866,42.87296898,3.914327917
E02000023,20.42454513,9.828754905,13.03960043,3.728148412,12.82554406,36.94256154,3.210845523
E02000024,10.71388546,6.152639247,9.906981957,3.29485599,11.87941275,55.76599798,2.286226605
E02000025,13.99341823,7.497496065,10.28759479,3.076262699,14.35112319,48.27586207,2.518242953
E02000026,14.53220859,6.825153374,11.79064417,3.35506135,14.20628834,46.66411043,2.626533742
E02000027,18.28652776,9.305034295,12.10042707,3.584832406,13.57577326,40.35201242,2.795392779
E02000028,12.54007166,7.203469734,11.38977937,3.39430511,13.12464643,49.55685461,2.790873091
E02000029,15.07125571,8.738908309,11.37402528,4.732454961,13.65958591,43.17020704,3.253562786
E02000030,15.46338302,6.325340246,11.21192482,3.214517174,13.15618924,48.10110175,2.527543746
E02000031,12.49632893,5.462555066,9.162995595,2.393538913,11.49779736,56.49045521,2.496328928
E02000032,14.49252802,7.207347447,11.59713574,3.518057285,13.40286426,46.96450809,2.817559153
E02000033,15.64730581,8.691392582,11.78446466,4.072778167,14.20573828,42.71518544,2.883135059
E02000034,14.19345974,6.29293762,10.16762847,3.819730695,13.52019786,48.85957681,3.14646881
E02000035,14.12644651,5.532034999,8.537962179,2.737792831,10.69714931,55.489698,2.878916173
E02000036,16.58186864,7.747456059,10.83487512,3.399629972,13.47132285,44.56521739,3.399629972
E02000037,14.23699915,7.270734381,10.98526367,2.922908294,12.16660577,49.19011083,3.227377908
E02000038,16.35038186,6.653552418,10.35639898,3.182133765,12.05739412,48.53043277,2.869706087
E02000039,13.52306876,6.452183136,10.12904366,2.704613753,11.63160686,52.83719286,2.722290967
E02000040,13.05007587,6.138777762,10.6773348,3.062491378,11.60160022,52.87625879,2.593461167
E02000041,19.25090616,8.202443281,10.37723184,3.181635119,12.88763592,42.40837696,3.691770707
E02000042,17.24431214,6.293854986,8.685945141,2.827982139,10.96108867,50.78673187,3.200085052
E02000043,10.35477848,4.905788491,7.77457138,2.376506535,10.64335427,61.6363945,2.308606349
E02000044,20.34909091,8.712727273,10.45818182,3.883636364,12.72727273,40,3.869090909
E02000045,16.52583293,7.158377595,10.56253018,3.428295509,13.64075326,45.18348624,3.500724288
E02000046,11.59649123,5.666666667,8.122807018,2.98245614,10.75438596,57.50877193,3.368421053
E02000047,23.95365828,9.925895001,10.17639077,3.486066173,12.42041541,35.89395679,4.143617576
E02000048,12.53864227,6.071472734,9.509088661,2.89353283,12.69939409,53.70347471,2.584394708
E02000049,19.16458853,8.266832918,10.3117207,3.154613466,13.47880299,41.88279302,3.740648379
E02000050,15.73221757,7.01733413,9.814704124,2.821279139,11.97848177,49.6951584,2.940824866
E02000051,14.34480918,5.257539365,8.780357619,2.46864158,10.55511076,55.51107553,3.082465973
E02000052,10.43652785,4.666332163,8.140993477,2.53386854,10.73758154,61.23933768,2.245358756
E02000054,15.27085678,7.121041633,8.069442212,3.665005626,12.68284842,49.55794888,3.632856454
E02000055,16.09268036,6.814112691,9.373354397,3.212216956,14.34439179,46.28751975,3.875724065
E02000056,8.696860239,4.056682412,8.780216727,1.847735482,10.15559878,64.37899417,2.083912198
E02000057,15.56866049,6.284751474,10.2443134,3.150800337,15.51811289,45.47598989,3.757371525
E02000058,12.21258952,5.767056163,9.800226159,2.236461867,11.16974494,55.91154668,2.90237467
E02000059,20.92684954,8.208645054,8.717788861,3.730257689,11.75187032,43.1837074,3.480881131
E02000060,17.27113557,8.341670835,14.85742871,2.476238119,13.61930965,39.71985993,3.714357179
E02000061,12.26949325,4.588354871,7.260055176,2.250617105,10.14955714,60.65050094,2.831421519
E02000062,22.89112534,8.270814273,9.313815188,3.275388838,12.95516926,39.45105215,3.84263495
E02000063,18.52095316,7.313064914,9.498767461,3.730484799,12.62119967,44.33853739,3.976992605
E02000064,15.46391753,6.073102156,9.015932521,3.20524836,12.12746017,50.5529522,3.561387067
E02000065,17.1043771,9.494949495,12.32323232,3.636363636,14.22558923,40.84175084,2.373737374
E02000066,20.86836664,10.77877326,12.36388697,4.107512061,13.75603032,35.13439008,2.991040662
E02000067,20.03541614,10.08095118,13.25575512,4.578800911,14.39413104,34.48014166,3.174803946
E02000068,19.85403881,10.94708907,13.60092884,4.080278653,14.28097529,33.72035163,3.516337701
E02000069,19.25991189,9.63876652,12.88105727,4.969162996,15.89427313,34.04405286,3.31277533
E02000070,20.05494505,11.69108669,14.56043956,4.975579976,16.3003663,28.998779,3.418803419
E02000071,20.00334225,13.01804813,15.4578877,5.297459893,17.16243316,26.03609626,3.02473262
E02000072,20.2593022,10.63560662,12.94402867,3.583851586,13.93485823,35.97554548,2.66680721
E02000073,17.67003676,11.29365809,15.24586397,5.755974265,17.578125,29.72196691,2.734375
E02000074,22.59145897,12.65121702,14.10873051,5.115872322,14.86663752,27.64903075,3.017052908
E02000075,18.61943688,10.74780503,15.84922797,6.29730548,16.95428398,28.76173176,2.770208901
E02000077,19.9695586,11.40030441,14.82496195,5.388127854,15.06849315,30.2130898,3.135464231
E02000078,16.80225282,12.18710889,15.15957447,6.007509387,17.69399249,29.38047559,2.769086358
E02000079,16.99070161,9.904198366,14.27162581,5.719921105,16.06086221,34.09411102,2.958579882
E02000080,18.25377195,11.21691813,14.12317586,5.058125155,16.41108088,31.54835518,3.388572842
E02000081,18.4675835,11.47045489,14.73477407,5.621883029,16.91098685,29.84736285,2.946954813
E02000082,17.0332618,11.45386266,15.18240343,6.290236052,18.01233906,29.19796137,2.829935622
E02000083,17.65169425,11.11111111,15.61409434,5.459867162,16.55972082,30.68783069,2.915681639
E02000084,15.55953848,10.57466114,14.71939061,5.735409432,17.60949927,33.07942198,2.722079086
E02000085,18.28866949,11.31484093,17.39539257,5.798464191,19.02523115,25.35652719,2.820874471
E02000086,16.66381815,11.51939839,16.32199624,6.084430012,18.81729619,27.79012135,2.802939668
E02000087,13.55251413,9.892889021,15.01041357,5.236536745,17.22701577,36.59625112,2.484379649
E02000088,15.22640306,11.4317602,16.05548469,5.707908163,18.62244898,29.78316327,3.172831633
E02000089,14.95356524,10.79804817,15.55170785,5.855501338,19.10908232,30.5052731,3.226821974
E02000090,14.7595561,9.087546239,14.32799014,4.451294698,20.13563502,34.98150432,2.25647349
E02000091,17.27661597,9.802756654,13.73574144,5.192490494,16.75380228,34.41064639,2.827946768
E02000092,21.76459475,11.94029851,15.05762328,5.460041564,15.98337427,26.96013603,2.833931608
E02000093,24.15414495,8.964530308,10.1809261,3.536747419,11.89819074,37.36072779,3.9047327
E02000094,20.13232514,8.825614367,10.19612476,3.497164461,13.33884688,39.78024575,4.229678639
E02000095,23.86548755,8.471026297,10.20479404,3.397719339,12.13637421,38.28252269,3.642075867
E02000096,17.0572294,7.699665232,9.56480153,2.263669696,11.41399649,49.01960784,2.98102981
E02000097,23.27230531,9.399174832,10.40484786,4.048478597,13.28004126,35.43063435,4.164517793
E02000098,22.10261429,8.444009507,9.562421362,2.768069342,11.12819796,42.1221865,3.872501049
E02000099,20.72669407,8.513459753,10.42302082,3.328471025,11.56345312,40.88317199,4.561729214
E02000100,14.55431755,6.044568245,8.356545961,2.95264624,14.73537604,49.84679666,3.509749304
E02000101,22.23622841,8.685238876,9.668473465,3.516954494,13.2988781,38.63607715,3.958149502
E02000102,30.47389558,10.00803213,10.12048193,4.208835341,13.55823293,27.16465863,4.465863454
E02000103,23.15923567,9.554140127,10.61146497,3.936305732,12.66242038,36.53503185,3.541401274
E02000104,21.17778487,9.559527609,10.05426109,4.005745292,11.9533993,38.95627194,4.293009895
E02000105,21.58410798,9.741500064,9.601426207,3.425442506,11.9572138,39.04240418,4.647905259
E02000106,27.54570771,10.11018283,9.21419058,4.855309359,12.07167938,31.81983291,4.383097227
E02000107,21.31744455,8.109897385,8.220236125,4.049431755,11.35385634,43.45139579,3.497738056
E02000108,21.69086251,9.735269001,9.410760034,3.928266439,12.2117848,38.27497865,4.748078565
E02000110,17.19604077,6.899098833,7.460481607,3.043285567,13.65046536,48.17550598,3.575121879
E02000111,26.29773105,11.64360819,10.02767017,3.276148312,10.26009961,33.18206973,5.312672939
E02000112,25.05668934,12.22428365,9.750566893,3.473510616,10.15254587,33.69408369,5.648319934
E02000113,26.07993541,11.11559682,13.09379626,3.660341811,14.02233885,28.21962051,3.80837034
E02000114,18.93421053,7.671052632,9.447368421,3.986842105,11.60526316,44.48684211,3.868421053
E02000115,16.41975309,5.843621399,6.58436214,3.196159122,10.17832647,54.47187929,3.305898491
E02000116,25.15355805,9.917602996,10.35205993,4.404494382,12.37453184,33.36329588,4.434456929
E02000117,24.48347107,10.59917355,12.14876033,3.770661157,13.67768595,31.20867769,4.111570248
E02000118,31.66486486,11.45945946,9.459459459,3.32972973,10.4,28.05405405,5.632432432
E02000119,21.67156143,9.459128732,9.850709741,3.438570729,14.35389134,37.60401371,3.622124327
E02000120,15.07227332,5.519053876,6.898817346,2.733245729,11.30091984,55.62417871,2.85151117
E02000121,30.80438757,10.49157018,9.455616494,3.229737965,9.63843185,31.73877717,4.641478773
E02000122,13.75598086,6.534090909,8.492822967,3.005382775,12.2757177,52.9007177,3.035287081
E02000123,24.48790435,9.518954491,9.509685791,4.124571323,12.62396886,35.48985077,4.245064417
E02000124,11.60527288,5.063447086,8.229641493,2.217568067,11.87630898,58.55611679,2.451644696
E02000125,16.05305566,6.805503905,8.677327383,3.099045494,11.83835379,50.57642246,2.95029131
E02000126,18.53992395,8.547528517,10.2661597,3.330798479,14.19011407,41.88593156,3.239543726
E02000127,20.37396122,10.72022161,14.0166205,4.653739612,14.40443213,32.88088643,2.950138504
E02000128,14.75409836,8.786885246,14.54098361,4.508196721,15.39344262,39.45901639,2.557377049
E02000130,11.5542522,6.42228739,9.31085044,2.727272727,11.70087977,55.52785924,2.75659824
E02000131,11.01331789,5.697741749,8.280254777,2.651997684,12.18297626,57.64910249,2.524609149
E02000132,10.66002188,6.928406467,9.967181233,3.075240063,13.66233135,53.59183177,2.114987237
E02000133,10.37139243,6.220535817,12.10762332,2.828561573,13.79786133,52.66183742,2.012188111
E02000134,11.64071603,7.054337464,11.37591357,3.410655651,14.08749073,50.13240123,2.29848533
E02000135,19.52840838,9.557255738,11.51385928,3.699987458,13.54571679,39.16969773,2.985074627
E02000136,16.68456088,10.32853769,14.25810608,4.165771956,15.91153103,35.85999571,2.791496672
E02000137,10.52323025,7.504030485,11.60779716,3.283013337,14.21662026,50.60823685,2.257071669
E02000138,9.882515549,6.302695232,11.31997236,3.220456116,13.35176227,53.50380097,2.418797512
E02000139,10.96269751,7.248737579,11.27219417,2.899495032,12.98257045,52.46782864,2.166476625
E02000140,22.49050873,11.61731207,15.44419134,4.738041002,15.42900532,27.62338648,2.657555049
E02000141,12.32618026,8.137339056,12.72103004,2.969957082,14.33476395,47.27896996,2.231759657
E02000142,10.37533895,6.97873555,12.78721279,3.239617525,15.32752961,48.69416298,2.597402597
E02000144,9.01801135,6.402664693,10.93017518,2.874414014,13.36047372,55.15667407,2.257586973
E02000145,21.57508609,11.61850576,14.17876928,4.386884264,13.89429555,31.66641713,2.680041922
E02000146,11.87120134,8.211560843,12.47898616,3.982930299,15.00064658,45.94594595,2.508728825
E02000147,9.093678599,7.539984768,13.86138614,3.290175171,14.91241432,49.26123382,2.04112719
E02000148,12.18339804,7.894250324,14.06914402,3.919393603,13.44056203,46.12682566,2.366426326
E02000149,18.2,11.32307692,14.89230769,5.092307692,15.63076923,32.4,2.461538462
E02000150,12.73347169,8.894159502,13.57841684,4.150607768,16.38007708,41.63949007,2.623777053
E02000151,10.99084097,8.825978351,13.97169026,3.763530391,14.85428809,45.14571191,2.447960033
E02000152,19.08646003,9.641109299,13.6867863,4.991843393,15.79119086,34.74714519,2.055464927
E02000153,11.50650572,9.39018655,15.81752626,4.263991221,16.91487694,39.3635366,2.743376705
E02000154,12.56627024,8.253331423,12.86717295,3.467545494,14.6582605,45.46496633,2.722453074
E02000155,20.12389084,11.50175791,14.04654278,5.390925833,15.45287125,30.73832245,2.745688934
E02000156,12.82636752,9.034051425,14.76223568,4.179489725,16.73781396,39.72004368,2.739998014
E02000157,11.28075897,8.686629114,15.03112956,4.046842573,15.72783872,42.63267121,2.594129855
E02000158,15.92096669,9.944480732,15.13716525,4.588504246,14.51665578,36.82233834,3.069888961
E02000159,13.85736066,9.70692868,15.89022531,4.607826529,16.68643063,36.40521769,2.846010503
E02000160,12.21303949,9.427609428,15.85552495,4.621977349,17.61554943,37.86348332,2.402816039
E02000161,12.35906331,9.121133276,13.94911824,4.17750795,15.3223475,42.68574733,2.385082394
E02000162,16.79336558,9.95162405,15.23842433,5.338631652,15.46302695,34.07049067,3.144436766
E02000163,14.05431158,8.464348102,14.65777354,4.65300937,15.21359377,40.43195172,2.52501191
E02000165,15.35535189,11.48192979,18.19125022,5.913885527,19.78212001,26.76811344,2.507349127
E02000166,10.96309907,4.976267034,8.681672026,1.975195223,11.62149747,59.42428418,2.357984995
E02000167,5.548150616,2.849050317,5.648117294,0.883038987,8.247250916,75.20826391,1.616127957
E02000168,9.467008908,4.55986713,6.688811717,1.76657104,11.29397554,64.14011777,2.083647894
E02000169,7.621527778,2.777777778,6.71875,1.371527778,8.940972222,70.13888889,2.430555556
E02000170,9.303739739,3.891760413,6.308908483,1.55062329,9.97263606,66.7528124,2.219519611
E02000171,8.938637462,4.267998067,7.167015622,1.51393139,10.72636495,65.46947979,1.916572717
E02000172,18.74387855,7.149853085,9.267874633,2.607737512,14.28746327,44.67433888,3.268854065
E02000173,6.705539359,2.73728539,4.648526077,0.988014253,9.183673469,73.50178167,2.235179786
E02000174,12.64605828,5.975447419,8.090519154,2.115071735,13.65182665,55.2433072,2.277769561
E02000175,8.350253807,3.85786802,6.294416244,1.624365482,11.1928934,66.51015228,2.170050761
E02000176,6.099033816,2.355072464,4.186795491,1.469404187,8.615136876,74.89935588,2.375201288
E02000177,15.56118856,6.463878327,9.069145191,2.915082383,13.80087312,49.51415294,2.675679482
E02000178,14.39831844,5.819758276,7.225433526,2.272727273,11.2979506,55.9774041,3.008407777
E02000179,9.722516416,4.384664266,7.646685024,1.77928405,11.71362,62.19021394,2.56301631
E02000180,12.10323346,5.161673094,7.371699792,1.987540789,15.60367843,55.53248294,2.239691486
E02000181,6.867329047,2.893045003,4.792518995,1.388077148,8.912916423,73.11513735,2.030976037
E02000182,11.87348773,4.199792603,6.723124784,1.486346353,9.747666782,62.40926374,3.560318009
E02000183,10.39404282,4.514427552,7.058641018,2.016754576,11.07663667,62.75209432,2.187403041
E02000184,13.24554609,5.822359928,7.616834495,2.220500904,20.15233669,47.56003098,3.382390911
E02000185,19.57329663,8.03854095,8.988300069,2.477632485,11.9339298,45.73984859,3.24845148
E02000186,11.21735932,4.229496138,6.620080912,2.225082751,17.2489886,56.12357484,2.335417433
E02000187,17.76192264,7.773188134,9.700838653,2.666165978,17.77443985,41.43196896,2.891475779
E02000188,17.75417299,8.649468892,9.323891418,1.922104198,20.68791098,38.4252234,3.237228123
E02000191,7.006369427,3.503184713,4.319267516,1.293789809,32.34474522,48.58678344,2.945859873
E02000192,14.67410247,6.46566748,7.65074939,2.073893343,14.11641687,51.88218892,3.136981527
E02000193,9.016542447,4.49009271,6.580621705,1.963279404,16.30612616,58.3166697,3.326667879
E02000194,10.66417212,7.109448082,9.434718696,2.953360951,13.41707871,53.6415876,2.779633837
E02000195,15.60723514,8.397932817,10.65891473,3.604651163,13.73385013,45.51679587,2.480620155
E02000196,18.86093533,8.735916036,11.59129495,3.596233987,13.44343263,40.17595308,3.596233987
E02000197,17.4958994,8.583925642,11.1399672,3.89557135,13.73701476,41.21104429,3.936577365
E02000198,19.44404847,9.451176051,11.63221668,4.233784747,14.76835353,37.04918033,3.4212402
E02000199,15.11111111,9.437037037,12.13333333,3.748148148,15.28888889,40.9037037,3.377777778
E02000200,14.10692423,8.366208679,9.821792953,3.441708611,12.31125017,48.37437083,3.577744525
E02000201,16.6592953,8.904614477,11.58779301,4.216423411,14.91965207,40.76367389,2.94854784
E02000202,19.33949062,10.38343129,12.0906801,3.974251329,13.71396586,36.78981248,3.708368318
E02000203,19.48506039,10.61665607,11.96757788,3.877940242,14.09726637,36.26827718,3.687221869
E02000204,19.58749343,10.32580137,11.99421965,3.836048345,13.99106674,36.46873358,3.796636889
E02000206,18.66011505,9.695589645,11.8168744,4.014860978,14.82502397,37.36816874,3.61936721
E02000207,16.09593789,10.13447941,13.6143075,4.020518508,16.20684875,37.2383197,2.689588243
E02000208,20.21656208,10.24978467,10.90193183,3.752922358,14.03962102,37.61535622,3.223821828
E02000209,19.20605455,10.96672854,12.45180637,3.769812937,14.86505783,35.09924318,3.641296587
E02000210,15.30038899,9.004466215,12.9808385,3.832300821,15.18513183,41.10358738,2.59328627
E02000211,15.42405156,10.45847371,13.92998389,5.273180021,16.47868756,35.90156731,2.534055954
E02000212,21.24114952,10.92600305,13.30001388,3.38747744,15.25753158,32.48646397,3.401360544
E02000213,18.59642026,9.060572353,11.47739913,3.80220447,13.11558297,40.12539185,3.822428961
E02000214,13.64261844,9.081973658,11.73579713,3.656379005,15.68704541,43.56202084,2.63416552
E02000215,16.24740125,7.806652807,10.17671518,3.440748441,13.25363825,46.01871102,3.056133056
E02000216,11.68898939,5.827100365,8.52322143,3.026613324,11.8107497,56.5837537,2.539572099
E02000217,16.02061634,8.998174595,11.73628262,3.436057124,14.92537313,41.70514335,3.17835284
E02000218,16.98517941,10.60842434,15.93213729,4.270670827,15.99063963,33.69734789,2.515600624
E02000219,15.1505839,9.157959435,13.56791641,4.363859865,15.41180086,39.68961278,2.658266749
E02000221,17.76740847,9.547738693,13.04139746,4.008135918,14.97966021,37.79612347,2.859535774
E02000222,10.75939961,7.460246693,11.60647942,3.224847674,14.34091247,50.60187249,2.006241641
E02000223,26.18453865,12.58520366,15.87697423,3.27514547,14.08146301,25.33665835,2.660016625
E02000224,11.6453325,8.070558851,12.14486419,3.153293787,15.68841711,46.78426475,2.51326881
E02000225,26.16678106,12.61153054,15.23678792,4.907343857,13.31503089,24.62251201,3.140013727
E02000226,12.49403151,9.088015279,14.27661945,4.870284896,15.67722426,40.47429572,3.119528887
E02000227,15.776,11.328,15.18933333,4.608,17.61066667,32.59733333,2.890666667
E02000228,9.537210757,7.645403377,12.83614759,3.173858662,14.94684178,49.62476548,2.235772358
E02000229,27.83417936,12.52115059,13.68443316,4.526226734,14.08629442,24.28087986,3.066835871
E02000230,12.31774175,7.103697655,11.7578444,3.196080719,13.83413041,49.3992768,2.391228275
E02000231,10.45551819,6.160195659,11.55609905,2.598593702,13.68083155,52.52216448,3.026597371
E02000232,16.11439842,10.23668639,14.67455621,5.16765286,17.04142012,34.1617357,2.603550296
E02000233,12.5075045,8.625175105,13.48809286,3.542125275,16.670002,42.86571943,2.301380828
E02000234,12.85714286,8.557951482,13.08625337,3.450134771,15.37735849,44.16442049,2.506738544
E02000235,10.53851641,8.77318117,14.30099857,4.172610556,15.81669044,43.7232525,2.674750357
E02000236,11.51343706,7.934936351,13.56435644,3.437057992,16.83168317,44.68175389,2.036775106
E02000237,15.79033312,9.340300457,15.21881123,4.817112998,17.35793599,34.73220118,2.743305029
E02000238,18.33914053,9.18699187,11.16144019,4.889663182,14.14634146,38.30429733,3.972125436
E02000239,18.89172145,8.640815779,10.76076748,4.038642158,13.36374614,40.07782101,4.226485979
E02000240,21.88000916,10.78543623,11.6441493,4.488207007,13.37302496,34.03938631,3.789787039
E02000241,19.30626058,9.204737733,11.21827411,4.331641286,14.26395939,37.6142132,4.060913706
E02000242,21.28677774,8.649415101,10.29776675,4.360155973,14.65792272,36.33463311,4.413328607
E02000243,20.12083743,9.385977238,10.83321624,4.889700717,14.07896586,36.68680624,4.004496277
E02000244,18.82242405,7.485123708,9.019730661,4.760413404,12.91888506,42.18603194,4.807391168
E02000245,22.93617634,11.49690246,11.0070595,4.394179513,13.68678865,32.56014983,3.918743697
E02000246,24.14176511,10.91035441,11.73036831,4.086170952,14.24600417,31.11883252,3.766504517
E02000247,21.15184457,10.02659882,10.68578698,4.649011218,13.97016306,33.7689372,5.747658147
E02000248,15.32323726,6.741573034,7.230092819,3.794170331,12.2781306,50.2198339,4.412962058
E02000249,21.02978596,9.444693908,10.53734471,5.418350546,12.78251759,36.14728334,4.640023949
E02000250,7.733640376,4.413740165,8.443676837,2.341201305,10.82325849,63.50028785,2.744194972
E02000251,22.60346125,10.33860045,10.72987208,4.499623777,13.51392024,33.7848006,4.529721595
E02000252,15.25520933,6.069585165,7.876123112,3.221181418,23.68571975,40.31733894,3.574842286
E02000253,21.89635889,9.543929415,12.06660867,3.914502299,13.68211756,35.57847645,3.318006711
E02000254,27.02161729,12.47664799,10.79530291,3.215906058,12.26314385,28.63624233,5.591139578
E02000255,12.23505521,6.155603503,9.100139612,2.614544993,13.25041249,53.05241782,3.591826374
E02000256,9.358529374,3.972232935,7.083172644,2.069674765,10.99112997,63.87710503,2.64815529
E02000258,14.38730853,5.83515682,7.913931437,3.227571116,12.49088257,51.69584245,4.449307075
E02000259,11.52877349,6.723503197,9.823677582,4.378996319,13.09823678,50.78473164,3.662080992
E02000260,28.45289763,13.12228746,10.76078632,3.229512382,10.26295634,27.16364565,7.00791422
E02000261,15.2014652,7.007904376,8.106805475,3.402737613,13.003663,49.29631772,3.981106613
E02000262,14.48874852,6.395578366,7.698381366,3.145150678,12.39636794,52.09896039,3.776812739
E02000263,30.55862832,12.50921829,10.88679941,2.903761062,11.1449115,24.43768437,7.55899705
E02000264,10.7618394,4.049416609,6.300617708,2.374742622,11.59917639,61.60603981,3.308167467
E02000265,15.21356231,7.485689124,8.058124174,3.115367679,12.27432849,51.2109203,2.642007926
E02000266,23.92525174,9.769558482,10.85398916,2.856312936,14.17505809,34.10147173,4.318357862
E02000267,13.34890966,6.573208723,10.35825545,3.894080997,13.1152648,49.45482866,3.255451713
E02000268,12.23233748,5.257084242,7.577894602,2.641364277,11.9887165,57.86639313,2.43620977
E02000269,7.870791629,4.32211101,7.112526539,2.28996057,10.82802548,64.33121019,3.245374583
E02000270,14.04118404,5.907335907,8.442728443,3.178893179,11.96911197,52.998713,3.462033462
E02000271,7.397551889,3.228667731,6.333155934,1.720773461,10.50204009,69.04381763,1.773993259
E02000272,11.51119403,6.231343284,8.675373134,2.835820896,11.62313433,56.39925373,2.723880597
E02000275,28.45602804,11.79698217,9.754610578,2.636793172,11.24828532,29.38576437,6.721536351
E02000276,10.12728279,5.072864785,7.28647851,2.693230031,12.23021583,60.63456927,1.95535879
E02000277,25.31424581,10.85893855,12.67458101,4.67877095,14.36801676,28.54399441,3.561452514
E02000278,29.75957506,10.25999441,11.64383562,3.913894325,14.18786693,26.6424378,3.592395862
E02000279,24.92294144,9.863496257,11.99911933,3.786878027,13.98062528,32.28753853,3.159401145
E02000280,18.44761057,8.74146631,12.73374889,4.942119323,15.03413476,37.63728109,2.463639062
E02000281,20.68591568,11.06140708,12.76941846,4.595363969,15.57543717,32.9402196,2.372238037
E02000282,29.31973739,10.72775527,12.48777762,4.204497835,13.40969409,25.85556642,3.994971365
E02000283,28.16684624,10.57411113,12.03632446,4.54055718,13.77558873,27.84362013,3.062952132
E02000284,16.21856028,8.268285632,11.63631107,4.090777681,13.73229257,43.65423533,2.399537439
E02000285,14.71901749,9.266840342,13.93747674,5.154447339,15.76107183,38.57461853,2.586527726
E02000286,14.62104072,8.158936652,11.36877828,3.945135747,13.13631222,45.89932127,2.870475113
E02000287,16.29838844,7.144043861,10.71606579,2.8742316,12.64329623,47.30021598,3.023758099
E02000288,29.0682968,10.61340641,12.45784148,3.267284992,12.48946037,28.86804384,3.235666105
E02000289,14.20735052,8.539038215,11.40976413,3.364417627,15.52386177,44.4505394,2.505028342
E02000290,28.26534817,10.48619695,10.73341574,4.017305315,13.22620519,30.14009065,3.131437989
E02000291,19.27905531,8.452454941,11.06277191,3.90304537,13.48663766,40.83281541,2.983219391
E02000292,20.45185866,9.207933797,12.03205044,4.111388415,14.27820833,36.94995403,2.968606331
E02000293,13.80697051,7.391803907,11.96859441,3.657602451,13.82612026,46.72539257,2.623515894
E02000294,28.84561892,10.97357441,11.37691238,4.54798331,13.42141864,27.03755216,3.796940195
E02000295,15.85666618,8.109676483,11.50442478,3.467285652,12.22979835,46.01769912,2.814449441
E02000296,20.37014637,7.245675578,9.423007137,3.5684045,12.89464135,42.86923914,3.628885932
E02000297,17.48803518,8.9897814,11.29220023,4.229724486,15.39257535,39.69732247,2.910360885
E02000298,13.37426988,6.320203684,10.13928411,3.384753632,12.86505916,51.49019021,2.426239329
E02000299,29.93978434,10.96485086,11.42697101,4.005041311,11.95910937,28.13331466,3.570928441
E02000300,26.59842753,12.1792019,11.25945705,4.613558819,13.4698116,28.03738318,3.842159917
E02000301,29.1446265,11.01793317,11.89523932,3.522126177,13.97239066,27.17068765,3.276996517
E02000302,21.29576659,9.36784897,10.25457666,3.9902746,13.58695652,38.15789474,3.346681922
E02000303,29.77441286,10.30593325,11.43386897,3.955500618,12.51545117,28.49196539,3.522867738
E02000304,12.91208791,5.815018315,10.13431013,3.540903541,11.996337,52.8998779,2.701465201
E02000305,16.14006292,6.332922993,9.902886062,3.09123239,12.14608125,49.14512379,3.241690603
E02000306,30.4487648,11.12410466,11.37260634,3.274375091,13.05364713,27.2036252,3.522876772
E02000307,25.24296675,10.72890026,11.45780051,3.746803069,14.11764706,31.0741688,3.631713555
E02000308,18.62939841,8.484676504,9.704880817,3.547105562,12.85471056,43.16118048,3.618047673
E02000309,27.94134364,11.40161419,11.49255428,3.774013868,12.49289531,29.18040241,3.71717631
E02000311,24.89719187,9.470097521,10.70379509,3.783339208,13.45317824,33.73281636,3.959581718
E02000312,18.35354728,7.588279489,8.597187936,4.432757325,11.08725985,46.47418697,3.466781153
E02000313,22.08513263,10.1172116,12.05017479,3.989307012,13.38679827,35.82150936,2.549866338
E02000314,15.94665665,9.804658152,12.79113449,4.04770849,13.52366642,40.53343351,3.352742299
E02000315,21.62755592,9.962947715,11.91162344,4.610951009,12.66639221,36.22890078,2.991628928
E02000317,22.31233822,9.197584124,10.95772217,3.554788611,13.04572908,38.18809318,2.743744607
E02000318,24.96559633,11.29587156,10.63073394,3.623853211,11.89220183,33.10779817,4.483944954
E02000319,19.87756572,9.470651782,10.80302485,3.396951146,12.89160965,40.17524907,3.384947785
E02000320,20.5801861,9.45083014,11.27531472,3.667214012,14.12151067,37.94927933,2.955665025
E02000321,23.01520976,9.092428548,11.08139729,4.479358182,12.35166305,36.35300017,3.626943005
E02000323,18.64457831,8.574297189,11.48594378,3.694779116,12.26907631,42.20883534,3.12248996
E02000324,19.57196537,9.704296684,10.94592387,3.986276752,12.38359745,40.27119752,3.136742362
E02000326,13.04971319,6.309751434,8.333333333,2.565328235,12.55576801,55.22625876,1.959847036
E02000327,17.61153322,9.15643873,11.5916618,3.428794078,14.39703877,41.51568284,2.298850575
E02000328,11.16921928,4.762794173,7.452372058,1.867762421,10.60889055,62.23384386,1.905117669
E02000329,21.66998012,9.761431412,10.73558648,3.876739563,14.75149105,36.04373757,3.161033797
E02000331,19.44444444,7.932098765,11.32716049,3.811728395,13.11728395,41.37345679,2.99382716
E02000332,14.4761262,8.115404083,10.86553062,3.897418593,14.44238232,45.67234689,2.530791294
E02000333,8.720249707,4.447912602,7.7058135,2.223956301,10.35895435,64.41669918,2.126414358
E02000334,18.42945707,9.242908135,11.42213038,3.813638925,13.56377982,40.86041706,2.667668608
E02000335,15.42100284,9.555345317,12.45033113,4.484389782,15.30747398,39.94323557,2.838221381
E02000337,24.65011287,9.676448457,12.31000752,3.987960873,13.4537246,33.00225734,2.919488337
E02000339,14.30257722,8.105449538,11.96144009,3.855990557,14.14518985,45.72103089,1.908321857
E02000340,17.35021398,8.487874465,12.05420827,4.796718973,14.67546362,39.55064194,3.084878745
E02000341,24.47459871,11.26923713,13.05642893,4.765844779,13.072977,30.56428926,2.796624193
E02000342,17.52839796,8.48021935,12.08382295,4.112808461,21.48452801,33.70544458,2.604778692
E02000343,21.4871612,9.450784593,13.46291013,4.529243937,13.44507846,34.70042796,2.924393723
E02000344,16.86001547,8.894044857,14.30781129,5.510440835,15.71925754,36.05955143,2.648878577
E02000345,33.79310345,8.574091333,12.7306617,2.814538677,10.27027027,26.97110904,4.846225536
E02000346,18.34752528,6.43959553,8.022884513,2.634379989,11.77488026,50.43906333,2.341671102
E02000347,27.81613372,9.211482558,11.97311047,2.57994186,10.50145349,34.53851744,3.379360465
E02000348,31.09835155,9.68697907,12.13187627,2.889423967,10.85386183,29.37581034,3.963696981
E02000350,16.56622802,5.940228754,7.440659206,2.459722051,11.04415201,53.74492682,2.804083139
E02000351,11.6372796,4.748110831,6.108312343,1.926952141,10.34005038,63.52644836,1.712846348
E02000352,14.82044461,5.529165875,9.329279878,3.724111723,11.1533346,53.33460004,2.109063272
E02000353,11.06652261,4.213613212,7.238771415,1.898441117,10.97391573,63.00354993,1.605185985
E02000354,16.5646471,6.958151156,8.507183011,2.685821362,11.68019988,50.89319176,2.710805746
E02000355,13.96376491,5.538370894,7.983502725,1.826484018,11.76903815,56.81249079,2.106348505
E02000356,9.801929914,3.978330794,6.856272219,1.675977654,9.734213645,66.19265278,1.76062299
E02000357,21.35958395,7.875185736,11.53417533,3.324665676,13.78157504,38.9858841,3.138930163
E02000358,14.35406699,5.156831473,6.624136098,2.604997342,10.579479,58.07549176,2.604997342
E02000359,15.0705271,5.456570156,7.628062361,2.468448404,11.72976986,55.19673348,2.449888641
E02000360,18.28143648,7.85505045,9.699468374,2.59303461,13.04111967,46.26234133,2.267549094
E02000361,13.79711832,5.443166933,6.520157182,1.615485373,11.13375055,58.81239994,2.6779217
E02000362,17.38607051,6.844368014,9.939810834,2.734307825,12.93207223,48.25451419,1.908856406
E02000363,20.2510917,7.8930131,9.989082969,2.871179039,14.03930131,42.18340611,2.772925764
E02000364,12.80667951,4.868336545,7.296082209,2.389210019,11.3551702,59.33204881,1.952472704
E02000366,18.30513419,6.373978996,9.81621937,2.406651109,12.89381564,48.1621937,2.042007001
E02000367,11.21474323,4.528598719,6.764805034,1.854140915,11.48443645,62.04067873,2.112596921
E02000368,19.86066976,6.954289905,8.579809338,2.028843803,12.11195307,47.93449034,2.529943779
E02000369,14.80625667,5.385709207,7.323142552,2.23071454,10.72698187,56.93210096,2.595094205
E02000370,16.0295104,6.04963112,7.511737089,2.494969819,10.98591549,54.4600939,2.468142186
E02000372,17.90623898,7.120197392,8.953119492,3.289860181,12.7952062,46.18728704,3.748090706
E02000373,21.98828268,8.824606371,12.02856097,3.570120835,14.17063347,35.66459172,3.753203955
E02000374,14.66405972,6.469960896,8.727337362,2.399573409,14.68183434,49.96445076,3.092783505
E02000375,12.85510236,6.221234725,8.030471354,2.777336931,13.07728932,53.75337248,3.285192827
E02000376,14.26856457,6.036700394,6.997084548,2.486708969,12.3820957,54.84479506,2.984050763
E02000377,13.82558493,6.016408387,7.778790641,3.068975995,13.79519903,53.068976,2.446065026
E02000378,11.6466583,4.443648092,6.665472138,2.132234367,12.3454578,60.02508511,2.741444186
E02000379,10.22117962,4.222520107,8.378016086,2.329088472,11.39410188,60.17091153,3.284182306
E02000380,10.72444736,4.661851609,6.697307945,1.969796454,11.09652003,62.04858831,2.801488291
E02000381,9.283903676,4.483523447,7.271863118,2.122940431,11.39100127,63.52978454,1.916983523
E02000382,9.294810872,4.181714503,6.956852309,1.748716974,12.03193309,63.16289679,2.623075461
E02000383,10.7318369,4.316642316,5.711249834,2.218090052,13.13587462,60.36658255,3.519723735
E02000384,14.25367905,6.334968465,7.652417659,2.172389629,14.02943238,52.8941836,2.662929222
E02000385,7.099431261,3.118258482,5.157874093,1.961168857,13.63012355,66.44440086,2.588742891
E02000386,16.04344453,7.028704422,8.533747091,3.010085337,14.56943367,47.41660202,3.397982933
E02000387,13.03680982,6.652607362,7.496165644,2.530674847,15.50996933,52.24309816,2.530674847
E02000388,10.43340798,4.307732842,6.059807667,2.226320643,13.14714794,60.94058754,2.884995389
E02000389,9.023789992,3.787257315,6.166256494,2.07820618,13.97320208,62.31884058,2.652447361
E02000390,11.49338374,4.593572779,6.862003781,1.965973535,13.47826087,58.92249527,2.684310019
E02000391,9.141761227,3.883650312,6.69649992,1.486335304,12.49800224,63.86447179,2.429279207
E02000392,9.841393656,4.316172647,6.591263651,2.093083723,12.74050962,62.63650546,1.781071243
E02000393,6.879261933,2.406738869,6.738868833,1.283594063,12.35459286,68.25110309,2.085840353
E02000394,10.5024605,4.791504792,7.083657084,1.813001813,12.56151256,61.11111111,2.136752137
E02000395,7.19852338,3.11730927,6.644790812,1.681706317,11.17719442,68.12961444,2.050861362
E02000396,11.13748402,5.240094942,8.453532956,2.081431441,13.41975534,56.96549206,2.702209239
E02000397,19.82877236,6.803241095,8.546093869,4.03608011,12.12352851,44.80966213,3.852621923
E02000398,28.54008439,9.82278481,11.10548523,4.405063291,12.38818565,29.33333333,4.405063291
E02000400,16.66142228,7.426054122,9.251101322,2.863436123,12.14600378,48.53681561,3.115166772
E02000401,28.81597718,8.184736091,10.66333809,3.334522111,13.64122682,31.93651926,3.423680456
E02000402,28.2742681,9.264252696,10.82434515,3.620955316,13.52080123,31.51001541,2.985362096
E02000403,21.16436153,7.558700547,7.816018012,4.293985204,10.59826311,45.15921518,3.409456417
E02000404,27.14794103,8.964582274,8.964582274,4.473817997,11.94712761,34.85849856,3.643450263
E02000405,7.38659173,3.833801686,8.008831794,1.48534725,11.09995986,66.27860297,1.906864713
E02000406,23.48946544,8.027163503,9.942538743,3.848162981,13.33797667,38.23785478,3.11683789
E02000407,26.63642255,8.895009721,8.927414128,5.055087492,12.32987686,34.21905379,3.93713545
E02000408,25.83384805,9.651019148,10.26868437,3.597899938,13.24891909,33.87893762,3.520691785
E02000409,23.16440543,8.639265762,9.138068635,3.750997606,12.58978452,39.08619314,3.631284916
E02000410,6.447267129,3.252501925,8.718244804,1.732101617,12.79830639,65.31947652,1.732101617
E02000411,19.14416818,7.822004055,8.547646996,3.574858606,16.14555544,41.8845374,2.881229325
E02000412,21.97366333,7.83753768,8.376963351,3.839441536,13.05727431,41.18673647,3.72838331
E02000413,10.67880795,3.956953642,8.543046358,2.01986755,10.43046358,62.76490066,1.605960265
E02000414,20.31143053,9.325804244,9.01779603,4.329226557,11.37919233,41.99178645,3.64476386
E02000415,20.05603164,7.152274225,7.778510218,3.3124588,11.35464733,46.58866183,3.757415953
E02000416,13.50741002,5.786873677,8.27099506,1.96189132,11.31968948,56.42907551,2.724064926
E02000417,8.178643632,3.620657967,6.89211542,1.562212829,9.961404154,67.94706855,1.837897445
E02000418,8.299595142,3.643724696,6.995051732,1.439496176,10.27890238,68.12865497,1.214574899
E02000419,17.83060921,5.71389977,6.51087397,2.998784277,10.18506011,53.18114278,3.57962988
E02000420,21.26683439,7.814118692,8.080509102,3.93665828,11.57318337,43.85082137,3.477874797
E02000421,22.99321651,8.309779536,9.511023177,3.829847371,12.77557942,38.38326738,4.197286603
E02000422,23.4307539,8.668216539,9.099966788,4.068415809,11.2089007,39.63799402,3.885752242
E02000423,19.42530667,7.326499748,7.024029575,3.646445975,10.35120148,48.81532516,3.411191396
E02000424,9.515387336,5.022992572,8.188892819,1.945525292,10.7180757,62.9112133,1.697912982
E02000425,32.27130571,8.678655199,12.35340109,3.772478499,10.04691165,26.99374511,5.883502737
E02000426,8.679316175,3.644561338,7.852714635,1.878639865,9.806500094,66.25962803,1.878639865
E02000427,13.73940128,5.969890985,6.956220799,3.080117667,10.67658764,57.03408894,2.54369268
E02000428,21.16255294,7.346283044,8.762961881,3.125456404,13.29049219,42.13524171,4.17701183
E02000429,7.170818505,3.434163701,6.352313167,1.245551601,8.932384342,71.15658363,1.708185053
E02000430,6.776462515,3.654143078,6.484817293,1.749871333,10.07033797,69.60027449,1.664093326
E02000431,5.585054081,2.281219272,5.663716814,1.356932153,8.987217306,74.72959685,1.39626352
E02000432,10.36162638,4.721753794,6.707888327,2.042345887,10.3803635,63.85609893,1.929923178
E02000433,16.80824398,7.310959476,10.2492689,3.188970895,10.9594764,48.14092745,3.342152903
E02000434,15.52978907,6.43887998,9.571974837,2.405328728,11.57024793,51.2273344,3.256445047
E02000435,19.07224335,8.730038023,11.42205323,3.346007605,11.92395437,41.91634981,3.589353612
E02000436,11.49139183,6.409458619,10.41277743,2.302426882,12.59074881,54.98859158,1.804604854
E02000437,18.700453,8.479614949,11.26840317,3.80804077,14.26953567,40.18969422,3.284258211
E02000438,17.96058525,8.032248432,11.57061809,3.239773067,12.46640788,43.40101523,3.329352045
E02000439,21.87287328,9.854362325,10.80713216,3.593303389,12.50850687,37.82496257,3.538859398
E02000440,15.5535343,8.121101871,11.86330561,3.131496881,12.33108108,46.24480249,2.754677755
E02000441,14.7083403,7.705164633,9.610563263,2.958382083,12.51880328,49.82450276,2.67424369
E02000442,27.01649565,9.689570074,10.93648526,3.558903754,11.37810105,33.38095857,4.039485647
E02000443,22.50447227,8.968395945,10.59033989,3.625521765,13.66726297,36.99463327,3.649373882
E02000444,21.31171276,9.12118141,10.351817,2.910091212,12.53800492,40.27797886,3.489213841
E02000445,21.78142077,9.519125683,10.85245902,3.781420765,13.50819672,36.80874317,3.74863388
E02000447,12.68910157,7.116393949,9.524544613,2.994751467,12.92065452,52.19203458,2.562519296
E02000448,9.28255093,5.952170062,9.264836138,2.816651904,11.14260407,59.30912312,2.232063773
E02000449,26.80276105,9.883977089,9.957409311,3.466000881,11.74915553,33.86694081,4.273755324
