LSOA code,Aged 14 years and under,Aged 15 to 29 years,Aged 30 to 59 years,Aged 60 years and over
E01011954,21.8,18.6,39.1,20.4
E01011969,12.9,12.7,34.6,39.9
E01011970,11,15.2,36.3,37.5
E01011971,16.1,20.5,45.6,17.8
E01033465,22.4,17.4,45.4,14.8
E01033467,20.8,18.4,40.4,20.4
E01011952,21.3,16.2,35.8,26.8
E01011953,23.5,20.8,34.9,20.6
E01011991,14.2,14.5,38.9,32.3
E01011992,21.8,19.6,41.1,17.6
E01011993,15.7,16.7,39.7,27.9
E01011994,21.1,17.6,36.9,24.5
E01011955,21.4,18.5,40,20.1
E01011957,20.7,16.8,38.3,24.2
E01032540,20.1,13.6,40.1,26.4
E01032541,17.3,16.2,37.8,28.7
E01033466,24.6,19,37.3,19
E01011951,16.6,18.9,45.5,19.1
E01011964,17.4,24.7,35.6,22.4
E01011967,21.4,16.6,39.4,22.7
E01011999,17.7,22.4,35.9,23.9
E01012000,15,21.1,35.6,28.4
E01011950,15.7,17.2,41.3,25.7
E01011986,16.2,16.3,36.1,31.3
E01011987,20.6,17.4,39.8,22.3
E01012001,22.5,17.9,39.5,20.1
E01011949,19.7,18.4,39.6,22.4
E01011980,20.5,18.5,38.2,22.9
E01011981,25.1,18.3,33.9,22.7
E01011984,10,13.6,32.2,44.3
E01011985,14.6,12.3,36.3,36.9
E01011988,14.6,15.9,39,30.4
E01011989,20.7,18.6,37.1,23.6
E01011990,21.6,15.9,39.6,22.9
E01011995,12.1,13.9,34.4,39.6
E01011996,12,14.3,33.8,39.6
E01011997,14.9,14.9,41.2,29.1
E01011998,17.8,16.2,37.4,28.8
E01011961,18.8,16.9,37.4,26.8
E01011962,21.9,17.9,35.7,24.7
E01011977,24,18.8,38.7,18.5
E01011978,21.9,20.4,37.1,20.5
E01011979,24.6,20.6,35.9,19.2
E01011959,15.8,13.7,43.5,26.8
E01011960,9.8,12.9,31.7,45.6
E01011963,11.5,12.6,35.1,40.6
E01011968,9.5,12.2,36.2,42.1
E01011982,16.1,12.9,38.3,32.9
E01012003,13.5,12.4,36.8,37.3
E01012005,15.4,17.9,45.1,21.7
E01011965,15.5,14.2,37.1,33.1
E01011966,14.5,16.2,40.5,28.9
E01011974,10,24.2,42.9,22.9
E01011975,16.3,18.9,42.1,22.4
E01011983,14.9,14.7,39.4,31
E01012002,15.4,17.3,38.2,29.2
E01035188,17.7,21.3,39.8,21.1
E01012068,9.4,58.5,26.7,5.2
E01012092,16,43.1,29.1,11.9
E01012093,20.1,39,32.4,8.2
E01035189,6.4,35.6,38.5,19.5
E01035190,21.8,29.9,36.3,12.2
E01035191,22.5,21.1,42.8,13.6
E01035192,19.1,29.8,40.5,10.5
E01012058,20.8,24.3,39.5,15.7
E01012059,19,19.4,40.1,21.5
E01012060,27.2,19.4,36.7,16.8
E01012061,24.7,21,37.6,16.8
E01012036,20.1,34.3,35.9,9.9
E01012037,24.1,25.7,39.3,11
E01012038,25.5,24.3,36.8,13.2
E01012039,15.4,46,30.4,8.2
E01012040,22.2,28.9,39,10.1
E01012041,14.1,12.8,39.9,33.1
E01012074,24,18.2,38.7,19.2
E01012075,25.6,23,34.2,17.2
E01012076,32,20.8,33.1,14
E01012077,20.7,16,35.1,28.3
E01012088,23.4,25.9,35.3,15.6
E01012078,20.5,26.1,40.3,13
E01012079,18.4,19.7,39.8,22
E01012080,19.2,16.4,39,25.4
E01012081,20.6,17.7,37.5,24.1
E01012026,22.7,17.2,39,20.8
E01012027,20.3,15.6,43.1,21
E01033469,26.5,19.6,36.2,17.4
E01012015,17.2,16.8,36.9,28.9
E01012016,23.2,18.9,38.2,19.8
E01012017,11.7,14.3,35.8,38.2
E01012089,27.2,18.4,31.7,22.7
E01012090,21.2,20.6,38.9,19.2
E01012091,28.6,21.3,35.9,14.2
E01012011,25,19.9,38.1,17.2
E01012012,20.6,18.7,39,21.8
E01012013,22.2,19.8,37.8,20.3
E01012014,28.2,20.2,37.3,14.4
E01012053,18.6,18.8,39.5,23.3
E01012054,20,20,37.2,22.9
E01012055,16.8,17.2,37.9,28.1
E01012056,23.8,21.6,41.9,12.8
E01012057,18.4,18.8,38.8,23.9
E01012082,22.2,19.6,37.5,20.6
E01012083,27.3,20.6,37.2,14.9
E01012084,24.1,19.3,36.4,20.1
E01012085,27,20.6,35.4,17.1
E01012018,13,23.6,40.3,23
E01012019,22,20.8,35.4,21.7
E01012020,22.7,16.4,40.6,20.1
E01012021,24.3,21.1,36.1,18.5
E01012007,14.6,13.4,36.9,35.1
E01012008,17,18.4,40.8,23.8
E01012009,18.9,19.4,41.7,20.2
E01012010,20,15.1,37.6,27.3
E01012046,14.3,15.3,34.1,36.4
E01012047,21.1,18.9,38.2,21.8
E01012048,15.1,16.4,35.9,32.6
E01012049,11.7,14.3,36.5,37.5
E01012050,23.9,20,35.5,20.7
E01012051,23.5,18.9,37.6,19.8
E01012052,13.9,15.1,32.8,38.3
E01012022,20.4,19.9,42.7,17.1
E01012023,9.2,9.6,28.5,52.8
E01012024,16.3,14.5,37.1,32.1
E01012025,14.9,12.5,35.5,37.1
E01012065,14.7,13.3,36.7,35.3
E01012066,16.7,19.3,43.2,20.9
E01012067,13.2,8.6,31.3,46.9
E01012042,14.4,14.3,39.5,31.8
E01012043,12.3,13.9,33.2,40.7
E01012044,26.9,20.4,34.9,17.9
E01012045,26.9,20.5,32.1,20.5
E01032552,15.7,17.6,39.9,26.8
E01035193,14,12.9,36.6,36.6
E01035194,16.4,27.6,41.7,14.3
E01012030,14.9,14.1,35.8,35
E01012031,15.8,13.3,39.2,31.7
E01012032,18.6,16.6,42.5,22.2
E01012033,11.1,13.7,38.6,36.6
E01012034,18.9,17.3,41.3,22.5
E01012035,12.5,16.5,37.9,33.2
E01012062,17.3,15.2,37,30.7
E01012063,14.9,14.1,32.7,38.2
E01012071,13.9,12,33.3,40.9
E01012073,16,14.5,34.4,35.1
E01032593,19.1,14.1,39.5,27.5
E01035195,23.4,19.2,46.4,10.7
E01035196,14.2,16,38.5,31.1
E01012100,11.3,18.7,43.2,26.8
E01012101,11.7,14.9,38.4,34.9
E01012102,18.5,19.8,41.4,20.2
E01012184,15.2,17.6,38.2,29.2
E01012105,18.4,15.5,38.6,27.5
E01012142,17.6,16.6,38.1,27.7
E01012143,25.3,21.9,35.6,17.1
E01012144,15.6,14.2,39.6,30.7
E01012106,14.6,16.3,38.9,30.1
E01012107,18.8,16.1,36.6,28.6
E01032560,13,16.9,36.1,33.9
E01032561,24.9,20.9,37.1,17.2
E01012176,11.9,13.9,34.4,39.7
E01012177,14,14.7,40.6,30.8
E01012178,13.1,14.8,39.6,32.6
E01012179,17.9,17.5,39.2,25.3
E01012180,17,18.3,44.6,20.2
E01012185,17.5,14.7,39,28.8
E01012186,13,10.5,38.4,37.9
E01012127,21.5,15.8,38.9,23.7
E01012128,21.7,16.9,36.4,24.9
E01012129,18.4,13.6,37.3,30.6
E01012130,11.7,11.8,37.5,39.3
E01012131,21.2,16.8,31.6,30.3
E01012138,18.1,17,42.6,22.3
E01012139,11.4,14,37.4,37.2
E01012140,16.3,13.9,37.1,33
E01012141,12.2,10.5,33,44.1
E01012154,7.7,10.6,29,52.8
E01012155,17.6,13.7,38.6,30
E01012156,12.3,13.4,35.7,38.6
E01012157,13,13.9,38.7,34.2
E01012158,12.4,9.1,32.6,46
E01012159,8.2,11.8,42.6,37.4
E01012160,14.5,10.4,35.7,39.5
E01012161,13.2,12.9,40.1,33.8
E01012113,30.1,18.9,38,12.9
E01012114,25.9,20.9,38.3,14.9
E01012175,23.1,17.5,35,24.4
E01033471,26.9,20.1,36.4,16.6
E01012095,12.3,12.8,35.7,39
E01012097,12.5,10.3,32.4,44.8
E01012098,17.6,15.5,39.1,27.8
E01012099,22.5,20.2,39.3,18.2
E01012108,19,16.3,40.4,24
E01012109,12.8,13.5,40.2,33.5
E01012110,14.8,15.4,43.1,26.5
E01012111,15,14.7,34.4,36.1
E01012171,13,16.3,32.7,37.8
E01012172,11.9,14.1,35.8,38.2
E01012162,15.2,17.3,39,28.3
E01012163,17.5,15,38.7,28.7
E01012164,11.7,12.2,39.2,36.9
E01012165,20.9,17.9,39.4,21.8
E01012096,17.3,18.1,39.7,25
E01012136,17.1,18.1,36.1,28.7
E01033473,24,16,35.3,24.7
E01012112,23.4,20.1,34.2,22.3
E01012145,14.9,17.1,41.3,26.9
E01012147,14.6,14.2,39.2,31.9
E01012149,10.9,14.2,33.4,41.5
E01012132,14,15.1,37.1,33.8
E01012134,10,12.8,34.5,42.8
E01012137,16.1,16.3,35.1,32.5
E01012181,16.7,16.4,42.8,24.1
E01012117,15.1,15.2,37.3,32.5
E01012118,15.9,14.8,35.9,33.5
E01012119,17.7,16.3,40.4,25.8
E01012121,17.4,18.1,39.7,24.8
E01032548,13.3,9.6,31.1,46.1
E01032549,15.7,14.6,36.7,33
E01033472,20,14.3,39.8,26.1
E01012120,9.5,10.9,30.6,49
E01012124,12.8,11.3,34.3,41.5
E01012182,9.2,11.1,30.6,48.9
E01012183,14.6,14,39.7,31.5
E01012148,20,18.9,39,22
E01012150,23.4,17.7,36.6,22.5
E01012151,11.8,11.8,36,40.4
E01012152,15.4,15.2,38.7,30.7
E01032594,13,13.5,32.8,40.5
E01012146,11.4,10.9,33.3,44.5
E01012167,21.5,20.2,40.8,17.5
E01012168,21.1,20.4,40,18.5
E01012170,25,16.1,37.4,21.6
E01012173,11.5,13.1,36.4,39
E01012174,14.7,15.1,36.3,33.9
E01033470,18.7,18.5,38.7,24.1
E01012242,14.9,13.6,36.1,35.3
E01012243,14.8,16.5,39.7,29.2
E01012244,13.8,14.2,40.3,31.9
E01012246,13.2,14,39.8,33.2
E01012296,12,12.6,37.6,37.6
E01012297,15.7,16.8,42.4,25.2
E01012197,20.8,17.3,42.2,19.7
E01012256,9.6,9.5,31.3,49.7
E01012257,15,13.9,37.5,33.6
E01012275,22.1,17.7,39.3,21
E01012276,14.3,14.8,40.2,31
E01012277,22.2,17.7,39.4,20.9
E01012196,17.2,18.5,38.7,25.6
E01012198,20.2,17.9,39.7,22.1
E01012214,23.6,18.6,38.6,19.1
E01012215,22.1,15.9,41.2,20.9
E01012216,23.6,18.6,39,18.8
E01012245,21.6,16.7,38.2,23.4
E01012278,19.6,14.4,41.3,24.7
E01012279,19,16.9,39.4,24.7
E01012280,15.6,12.6,35.4,36.3
E01012281,17,17.6,35.3,30
E01012255,11,8.7,26.9,53.4
E01012269,12.4,11.7,38.9,36.9
E01012294,13.2,14.4,41.1,31.6
E01012295,21.2,17,40.7,21.2
E01033476,18.2,13.6,44.5,23.5
E01033480,19.2,14.4,43,23.5
E01012210,16.7,11.2,35.8,36.3
E01012211,15.9,15.3,43.1,25.7
E01012212,13.3,13,34.7,39
E01012213,8.7,8.9,26,56.4
E01012192,13,13.8,40.9,32.1
E01012193,23,17.4,41.7,18
E01012260,12.5,10.6,37,39.9
E01012261,12.2,16.6,43.4,27.9
E01012247,21.3,16.3,40.8,21.7
E01012249,19.7,16.4,39.9,23.7
E01012271,25.2,19.4,37.9,17.5
E01012272,11.8,11.3,33.9,43
E01012273,23.4,20,38.8,17.7
E01012274,19.8,21.6,39.8,18.8
E01012248,13.5,14.3,38.1,34.2
E01012250,22.2,19.9,36.6,21.3
E01032542,27.9,18.2,42.4,11.5
E01032543,26.3,19.5,35.6,18.5
E01032544,24.2,16.2,42.8,16.8
E01012194,17.8,18.5,43.1,20.6
E01012195,22.2,22.1,39.3,16.2
E01012258,8.7,21.4,52,17.7
E01012259,13.9,15.5,38.7,32.1
E01012268,19.5,24,38.8,17.8
E01012187,16.8,14.1,40.8,28.5
E01012188,14.7,13,37.3,34.9
E01012189,10.5,12.9,32.9,43.6
E01012205,15.1,15.1,36.4,33.2
E01012219,19.6,15.9,40.6,23.9
E01012251,18.4,17.7,43.9,20.1
E01012252,25.9,21.5,37.2,15.4
E01012253,18.1,17.5,38.9,25.4
E01012254,18.5,20.1,45.4,16
E01012204,9.2,10.9,27.4,52.7
E01012206,12.1,11.3,32,44.6
E01012207,17,14.7,37.9,30.6
E01012208,16.7,14,40.4,28.9
E01012190,14.8,14.4,40.2,30.8
E01012191,15.2,13.5,32.9,38.3
E01012224,15.7,12.3,36.8,35
E01012225,13.2,14.2,35.5,37.2
E01012226,12.6,13.5,32.3,41.6
E01012209,17.7,14.3,39.8,28.3
E01012217,16.9,17.6,45.3,20.2
E01012218,18.1,14.5,39.8,27.4
E01012223,14.7,11.9,38,35.2
E01012286,21.1,19.8,43.2,15.8
E01012287,13.4,25.8,42.5,18.4
E01012288,21.8,19.3,40.4,18.3
E01012289,17.1,17.9,39.1,26
E01012238,24.2,15.2,42.3,18.3
E01012239,26.6,19.5,41.9,11.9
E01012240,16.9,14.8,40.9,27.2
E01012241,13,15.1,35.7,36.2
E01012290,13.2,10.8,37.7,38.6
E01012291,22.7,16.9,37.9,22.6
E01012292,21.1,19.3,40.9,18.8
E01012282,19,18.7,34.6,27.8
E01012283,21.4,18.9,37.3,22.4
E01012284,17.7,15,31.4,35.8
E01012285,12.3,14.8,34.8,38.1
E01012199,13.7,11.1,32.9,42.3
E01012200,15.5,12.8,38.9,32.7
E01012201,17.9,14.3,39,28.9
E01012202,22.5,14.4,36.7,26.3
E01012203,20.5,16,43.5,20
E01012270,19,14.7,39.9,26.4
E01012228,16.5,18.3,41.7,23.9
E01012230,16.9,18.7,43.8,20.5
E01012233,19.8,12.2,40,28
E01012236,12.2,16.3,38.6,33
E01012237,14.6,15.2,36.8,33.4
E01012235,17.7,15.9,43.8,22.9
E01012298,14.3,9.7,35.6,40.6
E01012299,11.2,17.3,38.3,33.3
E01012300,16.7,13.1,36.3,34.1
E01012301,14.4,11.5,36.1,38
E01012302,15.6,11.2,35.4,37.9
E01012303,17.4,14.3,41.7,26.6
E01012267,20.2,16,40,23.8
E01035197,15.9,24.7,38.7,20.6
E01035198,20.8,24.3,47.1,7.9
E01035199,20.4,19.9,43.9,15.9
E01012262,30.5,20.1,38.9,10.5
E01035200,22.6,28.9,39.3,9.1
E01035201,18.6,22.5,44.1,14.9
E01035202,23.8,22.4,41.4,12.2
E01012227,18.3,19.2,44.9,17.5
E01033474,28.1,18.6,44.1,9
E01033479,24.2,16,45.1,14.7
E01035203,30.2,16.9,48.5,4.4
E01012231,19.4,20.1,48.5,11.9
E01012232,19.1,15.4,44.4,21
E01012234,15.7,15.9,44.2,24.1
E01033475,26.7,18,48.5,6.8
E01035204,26,16.3,48.4,9.2
E01012334,17.7,15.3,42.3,24.7
E01012335,15.7,12,37.5,34.9
E01012366,12.5,12.1,38.2,37.2
E01033481,21.9,16.5,45.6,16.1
E01033482,17.9,16,46.9,19.2
E01012323,16.5,16.3,42.8,24.6
E01012324,15.7,15.9,39.9,28.4
E01032545,23,19.1,42.3,15.7
E01032546,15.1,14.3,39.4,31
E01012328,14.9,17,39.2,29.1
E01012329,11.6,11.1,34.8,42.5
E01012330,13.6,13.5,40.2,32.7
E01012331,16.3,15.7,38.1,29.9
E01012349,17,19.9,41,22.3
E01012350,15,18.9,39.9,26.1
E01012351,17.1,15.5,41.1,26.3
E01012352,16.9,18.1,40.5,24.7
E01012325,12.1,12.7,38.6,36.7
E01012326,16.9,14,40.5,28.6
E01012332,18,14.1,35.2,32.8
E01012333,16.9,15.2,35.3,32.5
E01012309,15.9,15.7,44,24.3
E01012310,15.7,14.4,41.6,28.3
E01012311,17.6,18.1,40.5,23.8
E01012312,23.7,17.5,36.7,22.2
E01012313,17.8,17.8,40.3,24
E01012314,22.2,17.6,36.4,23.7
E01012307,20.3,20.4,38,21.2
E01012327,26,21.1,34.8,17.9
E01012342,21.9,17.9,38.7,21.3
E01035183,22.1,20.2,43.2,14.9
E01035184,14.1,13.4,37,35.3
E01012315,15.6,11,38.6,34.8
E01012360,14.4,11.9,35.8,37.9
E01035185,16.7,14.5,41.9,27
E01035186,11.9,18,38.1,32.1
E01012336,9.6,11.3,30.9,47.9
E01012337,15.7,12.5,35.9,35.6
E01012347,12.7,11.2,37.2,39
E01012348,15.3,10.4,35,39.4
E01012361,16.2,11,37.6,35.3
E01012304,12.5,20.6,43.9,22.9
E01012305,14.2,19.4,43.3,23
E01012306,14.5,14.9,36.6,34
E01012340,15.8,18.8,41.1,24.1
E01012341,22.5,18.3,33.6,25.7
E01012317,14.7,13.6,36.4,35.4
E01012318,22.5,19.4,40.8,17.3
E01012319,21.6,17.7,41.1,19.7
E01012356,14.5,20.8,44.4,20.3
E01012357,18.3,17,43.7,21.2
E01012358,18.1,15.4,39.9,26.7
E01012359,29.4,20.3,38.1,12.2
E01012338,17.1,13.6,37.1,32.2
E01012339,17.3,11.6,37.4,33.7
E01012344,18,15.6,39.6,26.8
E01012345,12.8,11,33,43.3
E01012346,19.2,16.4,44.7,19.7
E01012353,17.8,24.8,42.1,15.5
E01012354,20.8,21.6,43.1,14.5
E01012355,17.5,19.2,41.5,21.8
E01012362,15.6,22.4,44.1,17.9
E01012363,14.9,21.1,43.1,21
E01012364,12.7,18.6,44,24.6
E01012365,13.7,15,38.8,32.4
E01035187,10.8,25.4,42.5,21.3
E01020613,13.2,14.3,40,32.6
E01020614,13.2,13.9,33.8,39.3
E01020622,13.7,12.9,42.3,31
E01020623,12.7,17.7,41.3,28.4
E01020606,14.4,15.3,40.5,29.9
E01020615,19.2,17.3,38.1,25.3
E01020616,16.9,19.6,42.8,20.7
E01020617,15.9,15.6,44.3,24.3
E01020596,18.2,16,39.7,26.1
E01020597,13,13.2,35.6,38.3
E01020598,10.9,15,35.5,38.6
E01020611,14.8,16.7,39.7,28.9
E01020612,12.5,10.6,34.3,42.5
E01020592,24.9,21.7,37.6,16.1
E01020593,12,21.9,43.9,22.4
E01020599,17.8,18.3,38.7,25.4
E01020601,13.8,15.1,43.9,27.3
E01020602,15.3,14.8,34.5,35.2
E01020618,19.2,18.8,42,20
E01020594,13,17.2,42.2,27.7
E01020595,12.8,10.5,37.8,38.7
E01020600,13.7,11.7,33.6,41.1
E01020603,12.9,14,41.2,31.9
E01020605,12.4,12.5,43.4,31.7
E01020590,14,16.3,36.6,33.3
E01020591,16.5,13.8,36.3,33.4
E01020608,15.8,16.7,42.7,24.8
E01020609,15.3,14.6,34.7,35.1
E01020610,13.3,15.1,39.1,32.5
E01020604,14.5,13.6,39.6,32.1
E01020607,15.1,18.1,42,24.9
E01020619,15.6,15.8,39.7,29.1
E01020620,15.3,18.7,43,23
E01020621,18.7,17.3,40.4,23.6
E01020634,14.4,14.1,39.1,32.4
E01020635,14.5,11.6,41.8,32.2
E01020636,18.3,15.9,39,26.7
E01020654,15.9,15,40.7,28.6
E01020676,14.4,13.4,41.8,30.3
E01020627,15.4,13.8,40.9,29.8
E01020628,14.2,11,39.7,35.1
E01020629,18.2,15.7,41.4,24.7
E01020655,14.2,12.8,38.5,34.6
E01020656,12.2,12.2,38.6,37
E01020657,16.5,12.7,40.1,30.6
E01020661,17.1,16,38.5,28.6
E01020662,16.5,15.4,39.6,28.6
E01020663,13.1,13.3,38.6,35.1
E01020674,17.4,14.1,36.6,32
E01020678,14.9,16.1,38.4,30.6
E01020626,15.4,16,35,33.5
E01020638,16,16.3,35.5,32.3
E01020639,21.8,16.5,42,19.7
E01020653,16,14.8,40,29.2
E01020677,16.7,12.7,39,31.6
E01020647,25.3,19.5,39.1,16.1
E01020648,22.7,21.1,41.5,14.9
E01020649,18.9,16.8,39.7,24.6
E01020673,13.2,16.2,38.3,32.4
E01020675,14.6,15.1,39.2,30.9
E01020624,18.5,19,42.9,19.7
E01020625,15.1,18.8,35.4,30.6
E01020670,16.6,15.2,35,33.3
E01020671,20.3,18.6,41.8,19.3
E01020672,16.3,15.5,42.9,24.9
E01020632,13.1,17.2,42.3,27.5
E01020640,15.9,18.9,43.6,21.5
E01020641,14.2,14.8,41.5,29.4
E01020642,14.6,15.6,39.6,30.4
E01020643,15.1,17.3,43.5,24.1
E01020667,12,13,38.4,36.7
E01020650,21.1,15.3,42.7,20.8
E01020651,14.4,14,36.4,35.5
E01020652,19.6,16.2,40.4,24
E01020668,20.3,15,41.4,23.2
E01020669,17.2,15.4,40.6,26.6
E01020630,20.3,14.3,39.7,25.7
E01020631,15.9,17.6,38.2,28.3
E01020637,12.9,14,39.3,33.7
E01020645,22.9,17.6,38.4,21
E01034489,21.3,17.2,43.8,17.7
E01034490,23.9,21.3,44.3,10.7
E01034491,22.9,18.6,39.7,18.8
E01020633,20,12.7,39.4,27.7
E01020664,14.5,9.8,36.7,39.1
E01020665,17.1,11.3,37.4,34
E01020666,15,10.5,35.3,39.2
E01020646,15.9,14.2,40.2,29.6
E01020658,16.1,17.6,40.9,25.5
E01020659,12.4,16.3,41.9,29.5
E01020660,16.3,12.7,39.5,31.5
E01020709,10.1,13.7,54.8,21.4
E01020717,10.9,9.1,32.9,47.2
E01020718,13.2,10.8,36.3,39.7
E01020719,15.4,12.3,38.8,33.5
E01020721,15.2,10,41,33.6
E01020708,16.6,13.1,40.5,30
E01020710,16.1,16.9,40.4,26.7
E01020711,16.2,18,40,26.1
E01020720,17.4,12.1,39,31.4
E01020679,16.3,16.9,40.6,26
E01020680,15.2,12.2,42.7,29.8
E01020681,16.4,17.6,38.2,27.7
E01020714,11.7,13.8,39.5,35
E01020716,22.6,19.1,37.2,21.1
E01020725,14.6,15.2,38.7,31.4
E01020726,10.7,13.9,39,36.5
E01020727,16.2,15.8,37.5,30.6
E01020729,16.4,17.7,43.7,22.3
E01020730,16.6,15.2,37.1,31.2
E01020731,15.2,14.5,38.6,31.6
E01020682,12.1,10.1,33.4,44.3
E01020683,16.2,14.2,36.6,32.9
E01020690,12.5,12.1,33.1,42.2
E01020691,15.4,16.7,40.8,27.3
E01020692,11.7,11.3,36.8,40.2
E01020693,12.5,26.5,37.1,24
E01020722,12,30.8,35.4,21.8
E01020723,6.4,53,21.7,19.4
E01020724,26.6,21.4,37.8,14.1
E01020703,2.7,78.4,9.5,9.7
E01033195,4.5,65.1,14.7,15.7
E01033197,2.1,67.2,22.3,8.4
E01034493,1.1,89.8,4.7,4.5
E01020702,14.2,28.9,34.6,22.2
E01020704,8.4,56.2,18.9,16.8
E01020712,16.2,30.1,32.1,21.5
E01034496,14.7,34.8,33,17.1
E01034497,16.1,16,46.9,21
E01034498,15.3,42.5,28.9,13.4
E01034499,21.1,22.4,44.5,11.9
E01020705,20.6,14.1,39,26.2
E01020706,13.4,12.4,39,35.2
E01034494,19.9,19,46.4,14.6
E01034495,16.9,18.3,42.9,21.8
E01020685,12.5,13.5,39.2,34.9
E01020686,14.3,17,39.7,29.2
E01020687,13.2,11.9,36.5,38.5
E01020688,14.6,18.4,40,27.2
E01020689,18.7,14.8,37.9,28.4
E01020694,17.8,16,41.3,24.8
E01020696,13.7,13.2,40.9,32.2
E01020697,15.5,18.2,39.3,27.1
E01020732,15.3,13.4,39.3,31.9
E01020695,16,20,40.3,23.9
E01020698,14.7,17.4,44,24
E01020699,20.8,17.4,40.2,21.7
E01020700,16.3,15,40.6,28.1
E01020701,12.2,14.2,41.5,31.9
E01020750,7.8,12.8,35.4,44.1
E01020786,10.7,12.8,37.4,38.9
E01020787,17.7,17.1,38.9,26.1
E01033163,21.6,11.3,47.5,19.4
E01034492,16.5,15.1,41.3,27.2
E01020740,17.3,16.6,40.7,25.3
E01020741,16.6,21,41.7,20.7
E01020742,19.9,16.5,38.9,24.8
E01020782,11.4,12.1,38.3,38.3
E01020783,15.8,15.3,38.6,30.6
E01020784,16.2,14.2,39.2,30.4
E01020743,25.7,21.5,38.3,14.4
E01020747,22.6,21.3,32.8,23.2
E01020748,21.9,20.4,40.2,17.4
E01020749,8.7,11.4,32.2,47.8
E01020773,16.1,15.4,36.5,31.9
E01020775,20.8,17.4,36.6,24.9
E01020776,12.8,14.4,37.6,35.1
E01033161,18.2,15.6,44.5,21.7
E01033198,17.4,19.8,41.1,21.8
E01033205,16.6,14.9,41.9,26.6
E01033206,18.2,18.7,42.5,20.7
E01020751,17.5,14.7,43.1,24.8
E01020752,17.9,16.3,41.1,24.6
E01020754,13.6,13,36.8,36.4
E01020756,15.5,16.2,39.6,28.7
E01020745,16.5,18.4,37.1,28.1
E01020753,15.5,16.2,36.4,31.8
E01020757,21.6,20.9,36.9,20.7
E01020758,21.8,20.4,38.9,18.9
E01020759,25,21,40.5,13.4
E01020765,21.3,18.6,38.9,21.2
E01020760,15.9,18.5,39.2,26.4
E01020761,21.9,20.4,38.7,18.9
E01020762,18.7,17.1,39.5,24.7
E01020763,16.4,14.3,41.8,27.7
E01020764,14.4,15.7,38.5,31.3
E01020766,13.1,11.9,34.5,40.6
E01020767,16.5,18.6,37.5,27.4
E01020768,16.5,17.8,39.9,25.8
E01020733,19.9,20.8,36.4,22.8
E01020734,22.4,18.4,37.6,21.5
E01020735,17,19.8,40.7,22.4
E01020770,17,17,40.1,25.7
E01020771,18,16,39.6,26.6
E01020780,19.1,18.8,38.2,23.8
E01020746,10.3,14.5,37.7,37.4
E01020769,18.1,19.4,38,24.5
E01020777,17.9,18.7,38.1,25.2
E01020778,12,15.7,34.4,38
E01020779,9.7,15,38.6,36.9
E01020737,13.9,13.7,36,36.5
E01020739,13.6,13.5,38.4,34.8
E01020744,17.8,16.3,36.9,28.8
E01034500,13,14.7,37.9,34.5
E01020788,14,17.6,40,28.4
E01020789,15.7,15.9,38.9,29.6
E01020790,17,20.9,38,24.4
E01020791,18.6,12.1,42,27.2
E01020792,18.8,17.5,39.2,24.6
E01020772,15.3,14,41.5,29.2
E01020793,20.4,16.2,39.6,23.7
E01020794,15.4,19,40.9,24.5
E01020795,18.4,18,40.3,23.4
E01020817,13.2,11.2,37.1,38.5
E01020818,14,14.2,34.9,36.7
E01020819,18.4,17.5,39.3,24.4
E01020837,9.8,12.5,36.1,41.5
E01020843,12,13.1,40,34.9
E01020809,18.9,16.7,39.3,25.2
E01020810,14.1,15.7,44,26
E01020811,17.5,18,40.6,23.9
E01020812,15.5,16.2,38.6,29.9
E01020827,16.8,15.7,36,31.4
E01020806,16.3,15.9,33.3,34.5
E01020807,19.6,18.2,39.9,22.3
E01020820,19.5,18,40.2,22.5
E01034501,20,19.4,37.9,22.6
E01034502,24.1,20.7,46.9,8
E01020797,15.4,13.4,38,33.3
E01020798,14.6,13.8,34.9,36.5
E01020799,16.6,16.3,39.8,27.4
E01020808,14.6,13.7,35.6,36.2
E01020821,16.1,16.9,41.5,25.4
E01020822,14.7,16.3,38.8,30.2
E01020823,15.4,19,35.5,30.1
E01020835,14.3,17.6,40,28.3
E01034503,21.6,15.4,44.8,18
E01034504,19.6,17.3,41.7,21.6
E01020805,16.9,15.7,36.8,30.5
E01034505,13.6,16.3,41.3,29
E01034506,17.1,18.1,41.7,23.1
E01034507,15.4,20.5,41.5,22.6
E01034508,14.5,18.7,43.8,23.1
E01020796,14.1,14,40.1,31.9
E01020828,13.6,11.5,35.1,39.6
E01020829,15.7,13.5,40.7,29.9
E01020830,15.9,12.4,39.9,31.8
E01020801,12.9,15.2,40.1,32
E01020802,13.2,16.1,40.4,30.3
E01020838,17.5,14,41.7,26.7
E01020839,15.9,15.9,36.7,31.6
E01020840,19.8,18.3,39.1,22.7
E01020841,22.8,17.1,36.5,23.7
E01020813,12.8,14.3,37.8,35
E01020814,12.7,16.3,43.2,27.9
E01020815,16.4,15.9,37.3,30.3
E01020848,12.1,16.3,38.7,33.1
E01020850,18.2,18.3,42.2,21.4
E01020851,9.9,12.8,35.3,41.9
E01020816,22.1,20.3,34.7,22.9
E01020844,23.1,21.5,35.2,20
E01020847,25,22.1,37.9,15.2
E01020849,21,19.7,37,22.3
E01020825,17.8,18.5,36.4,27.1
E01020831,15.1,15.6,35.9,33.2
E01020833,17.4,14.8,38.8,29
E01020834,16,14.3,41,28.5
E01020824,13.8,14.9,39.3,32.2
E01020826,14.8,16.2,38.1,30.8
E01020832,16.9,11.3,37.5,34.4
E01020845,20.8,14.8,35.6,28.8
E01020846,15.8,11.8,34.1,38.1
E01020856,13.3,14.2,37.3,35.2
E01020858,14.4,13.1,38.5,33.9
E01020859,12,13.3,39,35.8
E01020860,17.5,15.9,38.1,28.5
E01020861,13,13.7,39.6,33.8
E01020862,12.7,12,35.6,39.9
E01020864,14.1,11.1,38.5,36.4
E01020867,13.5,13.9,36.8,35.9
E01020889,10.9,8.3,39,41.7
E01020890,11.7,11.6,36.4,40.1
E01020891,11.4,10.6,37.3,40.7
E01020905,13.8,11.2,38.2,36.8
E01020906,14.8,9.6,38.7,37
E01020876,18,16.9,37.6,27.5
E01020878,19.4,18.3,39.4,22.9
E01020887,17.6,14.2,39.7,28.5
E01020892,12.2,17.8,39.1,30.9
E01020894,17.9,18.2,37.9,25.9
E01020898,23.5,19.2,34.9,22.6
E01020877,14.8,13.7,37.7,33.7
E01020879,15.3,13.2,39.6,32.1
E01020893,17.1,15,41.4,26.4
E01020899,14.5,12.3,39.5,33.9
E01020903,12.7,14.3,41,31.9
E01020904,17.6,16.7,38.1,27.6
E01020873,19.3,15.2,38.5,27.1
E01020875,14.9,15.4,39.7,30.2
E01020900,17.9,15.7,39.7,26.7
E01020901,15.7,15.8,35.4,33.2
E01020902,20.8,17.3,37.7,24.2
E01020868,13.9,18.7,40.4,26.9
E01020869,17.9,16.6,40.9,24.8
E01020874,18.7,16.7,38.6,26
E01020880,20.5,18.5,39.7,21.3
E01020881,14.9,15.6,37.1,32.2
E01020870,11,10.3,34,44.6
E01020871,19.2,14.9,38.3,27.5
E01020872,14.9,13.6,39.8,31.7
E01020883,11.9,13.9,41.4,32.9
E01020886,15.8,17.8,38.4,28
E01020882,15.2,13.9,39.8,30.9
E01020888,14.3,13.8,44.2,27.8
E01020895,18,16.9,38.2,27
E01020896,15.8,12.8,35.5,36
E01034509,22.3,16.1,43.6,18.1
E01034510,22.5,17,36.6,23.7
E01020884,16.4,12.4,35.5,35.7
E01020885,13.2,15.8,38.5,32.4
E01020907,18.1,19.2,38.5,24.4
E01020908,18.5,20.4,38,23
E01020909,25.6,19.6,36.2,18.7
E01020852,14.5,15.4,31.7,38.4
E01020853,16,12.5,36.5,35.2
E01020854,11.8,23.5,32,32.5
E01020855,10.4,13.9,33.9,41.7
E01020857,14.3,11.5,35.7,38.2
E01020863,11.4,9.8,39,39.7
E01034511,12.8,9.9,36.5,40.8
E01027356,14.4,10.2,33.9,41.3
E01027357,12,10.2,30.2,47.5
E01027366,10.3,7.8,34.6,47.2
E01027367,15.3,18.7,39.8,26.2
E01027358,12.2,12.8,34.7,40.4
E01027359,16.9,16.6,37.9,28.5
E01033715,8.3,16.1,31,44.5
E01033717,11.3,14.2,39.8,34.8
E01027361,11.6,11,36.4,41.1
E01027362,16.3,16.4,38.6,28.5
E01027363,20.3,16.3,34.8,28.5
E01027364,9.3,12.2,36.7,41.7
E01027370,11.2,10,34.3,44.5
E01027371,16.6,15.7,40.5,27.2
E01027372,9.5,8.5,32.1,49.9
E01027365,12.9,10.7,37.3,39.1
E01027368,14.3,9.9,35.7,40.2
E01027369,8.8,9,31,51.1
E01027373,11.2,9.4,35.4,43.9
E01027376,17.3,15.2,37.4,30.1
E01027377,8.4,11.1,32.9,47.5
E01027385,24.3,14.8,37.4,23.6
E01027387,13,15.2,34,37.9
E01027388,21.3,17.4,39.1,22.2
E01027389,16.4,14.1,35.6,33.8
E01027378,11.9,10.4,33.9,43.8
E01027379,13.7,11.9,33.2,41.1
E01027380,10,13,36.1,40.8
E01027382,9.7,9.6,33.8,46.8
E01027386,15.3,14.8,35.7,34.1
E01027374,11.8,11.1,33.8,43.4
E01027375,12.8,10,35.6,41.6
E01027381,13.1,10.2,35.5,41.2
E01027383,9.3,10.6,33.7,46.6
E01027384,9.5,9.7,30.9,49.6
E01027390,9.8,9.5,30.9,49.8
E01027392,16.1,21,35.5,27.5
E01027393,25.6,19,39.8,15.5
E01027416,23.4,19.7,35.9,21
E01027424,20,17.8,37.2,24.9
E01027414,15.6,16.1,40.8,27.6
E01027415,14.1,18.2,38.9,28.9
E01027431,14.2,19.2,42.8,24
E01027442,9.1,14.8,37.5,38.6
E01035631,16,16.8,38.6,28.7
E01035632,24.4,14,46.5,14.9
E01027391,20.7,18.1,40,21.4
E01027422,15.5,17.6,36.9,30
E01027423,19.5,17.1,33.3,30
E01027429,17.5,16.8,37.3,28.5
E01027430,19.5,15.3,34.6,30.7
E01027426,27.3,23.7,37.3,11.6
E01027427,17.8,17.6,38.8,25.8
E01027428,15.4,13.6,36.6,34.5
E01035633,15.6,15.2,37.3,31.8
E01035634,14.1,17.6,49.1,19.3
E01035635,25.7,25.8,43.5,4.8
E01027437,12.1,10.1,33.5,44.3
E01027438,15.4,15.2,36.2,33.2
E01027439,14.3,15.7,40.9,29.3
E01027440,13.8,12.8,37.8,35.5
E01027398,24.2,16.9,42.1,16.4
E01027409,11.4,14.7,33.4,40.7
E01027411,15.7,13,33.8,37.6
E01027412,19.4,24.1,39.9,16.4
E01027413,17.5,16.4,39.1,27
E01027417,11.2,11.1,32.8,44.9
E01027418,16.9,12.4,40.8,30.1
E01027419,11.6,11.4,36.5,40.4
E01027420,11.2,11.8,35.3,41.7
E01027421,12.1,12.8,38.4,36.8
E01027394,11.6,12.9,35.7,39.9
E01027406,9.2,9.2,31.1,50.4
E01027407,11,11.3,34.8,42.9
E01027408,16.7,13.7,37.2,32.5
E01027410,11.9,13.1,34.3,40.8
E01027432,13.3,15.6,42.1,29.1
E01027433,19.1,16.1,44.5,20.3
E01027434,11.4,14.3,38,36.3
E01027435,11.3,18.6,37,33.2
E01027436,12.6,16.7,40.6,30
E01027443,17.3,17.1,40,25.6
E01027444,7.2,17.1,51.1,24.5
E01027445,16,12.7,37.1,34.2
E01027446,9.8,12.5,34,43.7
E01027451,16.1,15.9,37.9,30
E01027474,17,15.5,41.4,26
E01027475,9.7,10.6,32.7,47.1
E01027457,15.2,11.1,38,35.5
E01027462,17.4,16.3,39.4,26.9
E01027463,12.1,12.4,40.3,35.3
E01027447,11.6,12.8,38.3,37.4
E01027450,13.1,9.6,37.6,39.8
E01027473,16.5,11.7,42.5,29.3
E01035629,19.7,15.4,41.3,23.6
E01035630,17.2,15.9,38.8,28.1
E01027452,10.7,12.9,35.1,41.4
E01027453,7.4,10.1,31.4,51
E01027461,17.4,15.6,36.5,30.4
E01033718,16.8,12.6,37.5,33
E01027455,14,11.2,34.4,40.4
E01027456,13.6,10.1,29.6,46.6
E01027458,18.7,9.8,38.6,32.9
E01027460,15.4,10.7,36.6,37.4
E01027464,11.9,10.9,31.7,45.7
E01027465,13.5,11.8,35.1,39.5
E01027466,15.6,12.2,34.2,37.9
E01033714,16.7,11.8,35.8,35.7
E01027449,12.6,10.2,33.7,43.4
E01027468,14.4,10.6,33.2,41.9
E01027469,14.7,12.3,35.2,38
E01027471,18.3,11.9,37.8,32.3
E01027472,15.1,21.6,39.2,24.1
E01027479,14.1,11.9,36.7,37.2
E01027480,13.9,10.6,40.8,34.8
E01027503,11.8,10.3,35.3,42.5
E01027511,12.5,9.5,37.8,40.4
E01027484,11.9,10.4,35.5,42.3
E01027485,15.6,14.5,35.2,34.8
E01027486,15.9,13.3,36.8,34
E01027487,11.7,14.7,35.5,38.2
E01027512,13.3,10.5,35.4,40.7
E01027483,15.1,10.9,37.2,36.4
E01027496,13,13.2,39.6,34.4
E01027508,13.4,14,40.1,32.7
E01027513,14.7,10.8,38.8,35.7
E01027476,13.1,13.1,37.1,36.6
E01027489,13.3,12.6,37,37.3
E01027490,14.9,13.9,37.4,33.7
E01027491,11.8,10,31.5,46.7
E01027492,12.8,13.6,35.9,37.3
E01027493,19.3,13.9,35.7,31.3
E01027494,12.6,12.6,35.5,39.1
E01027497,17.7,15.9,43.4,23
E01027498,18.8,17,40.8,23.5
E01027499,15.9,14.6,38.5,31
E01027500,13.6,14.9,38.9,32.3
E01035636,13.8,13.9,40.1,32.3
E01027477,10.2,11.4,37,41.3
E01027478,14.9,9.5,34.4,41.3
E01027488,16.1,15.3,36.6,32
E01027495,14.2,8.4,34.2,43.2
E01027505,13.4,11.9,34.2,40.7
E01027510,13.9,11.6,37.4,36.9
E01027541,11.7,13.3,34.9,40.1
E01027542,21,14.8,33.4,30.8
E01027543,20.4,19.1,37.3,23.3
E01027544,10.6,12.4,35.3,41.5
E01027528,17.9,15.7,36.5,29.7
E01027529,16.8,15.6,42.9,24.9
E01027539,20.1,21.9,38.5,19.4
E01027545,21.4,20,38,20.6
E01027546,19.5,20.8,40.9,19
E01027533,15.5,18.1,40.7,25.6
E01027540,19.7,17.6,38.8,24
E01027549,21.8,18.2,43.6,16.5
E01033716,19.1,14.1,34.8,32
E01027530,18.7,18.6,39.4,23.3
E01027531,17.9,15.2,40.9,26
E01027534,16.6,17,38.1,28.3
E01027535,10.2,10.6,35.1,44.3
E01027553,13.4,14.9,39.3,32.7
E01027554,10.9,11.9,34.5,42.9
E01027515,14.3,16.4,39.4,29.7
E01027517,13.6,15.6,41.5,29.3
E01027518,19.6,16.5,38.8,25.2
E01027519,20.3,18,38.7,23.3
E01027550,14.7,17.8,37.8,29.6
E01027551,22.7,15.8,39.1,22.2
E01027552,12.5,15.1,42.7,29.7
E01027514,13.3,10.7,34.9,40.8
E01027516,8.3,11.7,32.5,47.5
E01027520,14.5,12.4,40.9,32.2
E01027521,15.7,15.5,46.5,22.3
E01027522,20,17.9,40.5,21.8
E01027523,16.1,15.4,37.2,31
E01027524,19.8,18.2,41.2,20.8
E01027525,13.4,14.7,39.4,32.5
E01027526,8.7,12,34.2,45.3
E01027527,19.8,18.4,39.3,22.3
E01027532,13.3,18.2,40,28.5
E01027536,13.5,14.9,37.1,34.6
E01027537,18.2,14.8,38.1,28.9
E01027538,10.5,14.7,39.5,35.1
E01027395,17,18.9,45,19
E01027396,17.7,17.8,41.8,22.7
E01027397,16.9,16.4,41.1,25.7
E01027399,16.6,13.7,41.3,28.4
E01027400,17.9,17.9,47.8,16.3
E01027401,14.3,16.9,39.5,29.3
E01027402,13.9,15.4,40.6,30
E01027403,12.1,14.2,36.6,37.2
E01027404,18.8,19.1,39.3,22.6
E01027405,11.5,11.3,34.1,43.1
E01027481,10.2,8.5,30.7,50.6
E01027482,13.9,9.1,33.2,43.9
E01027504,13.3,10.4,33.2,43.3
E01027507,14.4,11.7,35.6,38.2
E01027509,14,10,34.3,41.8
E01035637,13.9,12.7,40.6,32.7
E01008309,16.5,11.1,35.9,36.4
E01008352,18.6,17.3,41.7,22.4
E01008357,14.7,10.4,32.4,42.4
E01008358,12.1,26.3,37.7,23.8
E01033550,23.6,14.8,46.4,15.5
E01033551,15.5,11.7,38.8,34.1
E01008336,16.9,18.1,39.9,25.2
E01008337,19.8,16.6,36.6,26.9
E01008338,17.3,19.4,40.5,22.8
E01008339,18.7,22.7,41.2,17.5
E01008340,21.7,20.2,40.4,17.8
E01008341,16.9,17.8,36.9,28.2
E01008342,10.8,13.5,36,39.7
E01008293,13.1,17.7,38,31.1
E01008456,20.7,20.3,37.6,21.4
E01008457,18.2,15.3,37.2,29.4
E01008458,15.1,15.3,41.2,28.5
E01008459,27.1,19.4,38.2,15.1
E01008460,19.4,18,38.5,24
E01008351,15.3,12.9,40.3,31.6
E01008354,18.2,18.1,45,18.7
E01008418,15.6,14.2,38.3,31.9
E01008420,15.3,15.7,36.3,32.8
E01008422,15,25.4,36.1,23.5
E01008424,11.8,34.2,38.8,15.3
E01008353,17.9,15.9,41.3,24.8
E01008355,15.8,14.9,42.9,26.2
E01008356,15.1,14.5,42.8,27.5
E01008378,21,13,38.3,27.7
E01008419,15.5,19,42.4,23
E01008421,17.8,18.9,41.5,21.9
E01008423,15.9,12.6,36.2,35.2
E01008317,19.1,13.9,41.2,25.9
E01008319,16.5,14.8,42.8,25.7
E01008320,17,14.7,41.7,26.4
E01008321,14.7,14.1,39.6,31.6
E01008322,19.2,14,43.4,23.5
E01008323,17,20.7,44.3,18.1
E01008295,25,24.2,37.4,13.4
E01008374,18.2,14.3,42.4,25.1
E01008375,18,15.8,42.9,23.4
E01008376,17.4,13.9,42.9,25.7
E01008377,25,19.7,42.3,13
E01008379,18.5,14.1,36.7,30.7
E01008380,28.4,18.7,39.5,13.5
E01008296,13.2,15.6,34.8,36.4
E01008297,19.5,19,41.9,19.8
E01008298,21.5,18.4,40.4,19.7
E01008299,21.9,19.4,40.6,18.4
E01008314,13.8,17.3,44.5,24.4
E01008315,16.6,17.7,42.5,23.1
E01008316,14.1,15.8,43.1,27.3
E01008318,17.5,17.5,38.1,26.8
E01008363,8.3,22.9,39,29.9
E01008365,17,20.5,39.3,23.2
E01008366,5.3,70.7,15,9
E01008369,4,70.9,15.9,9
E01008371,12.1,16.4,33,38.6
E01008372,2.6,73.8,14.9,8.8
E01008373,1.3,87.9,7.3,3.6
E01008400,17.2,17.1,39.2,26.6
E01008401,18.2,16.9,36.8,28.2
E01008402,17,16,38.3,28.6
E01008403,13.2,15.1,36.7,35
E01008404,14.4,19.2,44.6,22
E01008405,22.2,18.9,39.3,19.6
E01008443,11.7,14.7,38.2,35.4
E01008324,21.7,16.5,37.2,24.7
E01008325,20.8,19.5,33.8,25.9
E01008326,17.5,13.8,40.7,27.8
E01008327,22.6,18.9,36.8,21.8
E01008328,12.7,12.5,32,42.8
E01008329,18.3,17.1,39.8,24.7
E01008330,21.3,19.1,39.9,20
E01008300,22.9,19.1,40.6,17.7
E01008450,26.6,19.2,40.7,13.6
E01008451,21.7,19,42.8,16.6
E01008452,17.4,19.4,39.1,24.4
E01008367,3.8,69.6,17.5,9.1
E01008368,4.8,71.8,14.7,8.4
E01008370,4.2,47.2,24,24.6
E01008409,6.4,49.5,29,15.1
E01008411,5.1,68.1,17.6,9.2
E01008303,10.9,27.2,37.5,24.2
E01008359,8.6,49.4,32.9,9.1
E01008360,7.5,46.4,38.4,7.6
E01008361,9.3,49,33.8,8.2
E01008362,6.2,57.2,28.7,8.1
E01008364,7.8,42.1,39.2,11
E01008343,22.1,15.8,39.5,22.4
E01008344,15.3,18.2,39.1,27.4
E01008345,16,19.4,38.6,26.1
E01008346,16.7,23.3,39.6,20.5
E01008347,18,17.7,39.1,25
E01008348,24,18.5,40.5,17
E01008349,27.6,22.2,38.8,11.4
E01008350,17.8,18.3,44.1,19.6
E01008430,14.6,17.4,42.9,24.9
E01008431,16.1,16,41.2,26.8
E01008433,11.7,13.5,35.7,39
E01008434,13.6,14.9,38.8,33
E01008435,21.8,18.9,38.6,20.8
E01008436,18,17.5,41.1,23.5
E01008381,13.3,15.7,43.5,27.5
E01008382,21.7,18.2,36.7,23.5
E01008383,20.7,17.6,41.6,20
E01008384,17,17,37.8,28
E01008385,18.5,19.2,40,22.2
E01008386,15.7,14.6,37.6,32.1
E01008387,14,15.4,39.3,31.1
E01008396,18.1,47.5,28.4,6
E01008398,20.8,25.2,45.1,8.8
E01008449,21.6,34,39.3,5.2
E01008453,22.1,17.8,40.1,20.2
E01008455,25.1,27.3,37.3,10.3
E01033556,12.5,48.9,29.9,8.7
E01008415,20.9,19.2,36,24
E01008416,15.7,15.2,42.5,26.8
E01033547,22.7,16.2,40.2,20.9
E01008288,16.7,16.3,41.2,25.6
E01008289,23.3,17.7,32.7,26.2
E01008290,22.3,21.2,42.6,14.1
E01008291,27.8,21.4,38,12.9
E01008292,13.2,15.7,38.2,33
E01008388,22.2,23.7,36.6,17.7
E01008389,22.1,16.6,41.2,20
E01008426,22.7,18.7,40.9,17.8
E01008429,19.8,18.2,34.9,27.2
E01008390,28.6,17.7,38.9,14.8
E01008425,12.5,18.9,39.4,29.4
E01008427,21,19,42.4,17.8
E01008428,19.8,14.7,36,29.6
E01008441,18.1,19.1,36.7,26.2
E01008442,13.5,12.1,33.5,40.8
E01008444,14.7,14.3,33.7,37.3
E01008445,16.6,17.7,39.9,25.8
E01008446,10.1,12,32.3,45.5
E01008447,11.7,12.4,30.3,45.6
E01008448,12.1,10.2,32.2,45.5
E01008306,15.5,16.5,38.8,29.2
E01008307,14.8,18.3,40.9,26
E01035613,17.6,19.3,45.5,17.7
E01035614,31,15.1,47.6,6.6
E01035615,28.9,17.3,49.2,4.8
E01035616,28.2,16.4,49.9,5.6
E01008294,13.7,15.2,37.6,33.5
E01008311,20.9,13.8,44.4,20.8
E01008312,16.6,16.3,40.7,26.5
E01008313,15.4,17,40.2,27.4
E01008407,3,78.8,13,5.1
E01008410,4.7,69.1,15.4,10.8
E01008412,10.5,47.9,31.3,10.3
E01008413,7.8,54.9,28.7,8.7
E01008302,19,18.3,38.7,24
E01008391,26.9,22.3,35.7,15
E01008392,13.9,23,42.8,20.2
E01008432,13,17.9,40.5,28.6
E01008397,1.3,83.4,12.5,2.7
E01033543,1.3,74.4,22.3,2.1
E01033545,2.9,58.9,34.6,3.6
E01035617,4.6,67.5,16.9,11.1
E01008406,3.6,77.1,13.1,6.1
E01033548,6.8,45,34.7,13.6
E01033553,1,83.5,13.1,2.2
E01008333,24.5,22,39.1,14.2
E01008334,26,22,39.7,12.2
E01008335,24.9,23.8,42,9.3
E01035618,38.9,18.3,36.7,6.1
E01035619,34.1,17.8,34.7,13.2
E01008399,21,24.9,38.7,15.3
E01008439,19.5,18.9,46.3,15.4
E01035620,0.9,83.3,13.7,2.2
E01035621,3.8,69.7,20.5,6.4
E01008301,10.5,26.1,46.1,17.4
E01008305,24.8,22.3,36.3,16.7
E01035622,17.9,18.4,48.3,15.2
E01035623,16.5,28.3,40.8,14.4
E01008331,24.9,26,40.3,8.9
E01008437,28.5,14.8,41,15.7
E01008438,15.6,18.5,47,19
E01008547,15.5,11.1,33.7,39.6
E01008548,16.6,10.8,36.8,35.8
E01008549,16.8,11,36.1,36.1
E01008551,15.8,9.6,32.9,41.4
E01008478,13.6,15.6,41.1,29.9
E01008480,14.7,15.9,35.6,33.7
E01008504,10.9,12.6,38.8,37.8
E01008578,13.7,17,40.1,29.3
E01008583,18.9,18.6,41.7,20.9
E01008520,17.8,13.2,40.2,28.8
E01008523,18.9,13.1,39.5,28.5
E01008546,20.9,10.2,39.4,29.3
E01008550,21.3,11.1,41.6,25.9
E01008577,17.6,14.7,41,26.7
E01008579,9.4,10.5,31.4,48.6
E01008580,13.3,13.7,40,32.8
E01008581,13.3,9.7,37.5,39.5
E01008582,16.7,15.2,40.2,27.8
E01008517,20.3,12.2,41.9,25.7
E01008519,11.6,13.1,38.1,37.2
E01008521,12,11.3,37.1,39.5
E01008522,15.4,12.5,38.9,33.4
E01008584,15.9,17.2,48,18.7
E01008585,18.2,14.3,44.1,23.3
E01008587,14.3,12,42.3,31.4
E01008588,17.7,15.4,45,22
E01008589,18.2,11.1,41.5,29.2
E01008518,13.4,12.1,41.2,33.5
E01008564,13.7,11.9,41.5,32.8
E01008567,20.4,16.6,43.6,19.4
E01035625,20.3,18.4,44.1,17.1
E01035626,22.5,16.6,48.1,12.8
E01008475,16.4,16.6,43.3,23.8
E01008476,18.4,17,37.9,26.9
E01008477,22.8,19.8,39.6,17.9
E01008479,14.4,13.1,38.7,33.8
E01008552,13.8,14.5,38.6,33.2
E01008553,14.7,14,41.4,29.9
E01008554,17.5,17.1,41.8,23.7
E01008555,19.7,18.2,39.5,22.5
E01008586,19.4,12.3,42.3,26
E01008495,16.5,12,37.6,34
E01008496,14,11.3,43.7,31.1
E01008497,15.5,10.3,38,36.1
E01008498,11.6,9.4,33.2,45.8
E01008568,15.5,14,36.1,34.3
E01008569,17.2,16,39.9,26.9
E01008570,16.8,17.2,43.4,22.5
E01032647,23.9,15.7,50.8,9.5
E01032648,21.1,19.4,43.2,16.4
E01008500,12,13.8,39.6,34.6
E01008505,15.5,14.8,40.4,29.3
E01008506,20.9,12.1,37.7,29.4
E01008507,15.4,14.2,41,29.5
E01008493,19,10.9,39.4,30.9
E01008494,15.9,13.4,40.8,30.1
E01008556,16.3,12.1,38.4,33.3
E01008557,13.3,14.7,38.3,33.7
E01008470,14.2,16.8,38.8,30.2
E01008499,16.3,17.5,41.7,24.4
E01008502,18.6,16.7,38.6,26.2
E01008516,18.4,12.9,43.1,25.6
E01008488,19.5,16.8,39.4,24.4
E01008489,23.4,18.3,40.2,17.8
E01008490,13.2,14.8,40,32
E01008491,23,18.2,40.5,18.3
E01008558,11.7,11.5,40.9,36
E01008560,12.6,12.9,42.6,31.9
E01008561,13.5,14.8,42,29.8
E01008562,18.6,11.5,39.1,30.8
E01008525,12.9,11.7,37.5,37.9
E01008527,13,14.4,44.9,27.9
E01008559,15,15.7,47.5,21.8
E01008563,15.6,9.8,36.2,38.2
E01008469,14,14.5,43.4,28.3
E01008472,13.9,11.4,38.1,36.7
E01008473,14.3,10.6,44.3,30.9
E01008503,17.1,16.4,38.2,28.1
E01035627,19.4,16.2,48.6,15.7
E01035628,25.9,19.7,46.9,7.4
E01008471,18.9,14.9,41.1,25.2
E01008474,22.8,16.7,41.2,19.2
E01008513,15.9,17.7,45.2,21.1
E01008514,18.3,16.9,41.3,23.5
E01032649,13.9,20,47.1,19
E01032650,16.1,18.3,44.6,21.1
E01008486,16.7,15.6,39.7,28.1
E01008487,16.1,17,41.1,25.8
E01008526,12.6,12,41.5,33.8
E01008530,12.3,11.8,36.9,38.8
E01008461,22.1,15,38.2,24.8
E01008466,12.8,11.7,34.7,40.8
E01008467,16.3,12.8,40.9,30
E01008468,18.4,17.4,43.6,20.6
E01008483,16,16.7,47,20.3
E01008524,8.1,18.2,39.4,34.2
E01008528,13.3,17,45.2,24.4
E01008529,12.5,13.2,43.1,31.2
E01008481,19.4,18.4,40.6,21.8
E01008482,19,19.1,38.4,23.3
E01008484,23.1,20.5,39,17.5
E01008485,29.8,20.5,38.4,11.4
E01008492,20,18.6,41.1,20.1
E01008462,19.1,17.5,38.1,25.3
E01008463,15.9,16.9,37.4,30
E01008464,12.5,14,38.3,35.5
E01008465,13,14.8,35.9,36.1
E01008531,11.5,11.8,38.5,38.3
E01008532,18.8,18.2,41.7,21.4
E01008534,10.7,13.6,33.3,42.2
E01008538,21.7,21.4,41.5,15.6
E01008508,19.1,18.6,40.7,21.7
E01008509,18.8,17.5,40.3,23.4
E01008510,13.8,19,39.3,28
E01008512,14.1,17.1,39.1,29.9
E01008539,11.1,14.8,45.8,28.2
E01008540,24.8,19.2,39.5,16.4
E01008541,16.2,16.6,39.8,27.5
E01008544,14.8,16.9,44.9,23.3
E01008545,13.7,19.3,40.8,26.3
E01008511,17.3,18.4,41,23.2
E01008542,23.7,16.5,38.9,20.6
E01008543,20.3,19.4,46.1,14.1
E01008571,16.7,14,37.8,31.5
E01008572,14,23.5,42.9,19.4
E01008573,16.6,24.8,43.4,15.3
E01008574,17.2,14.5,41.9,26.3
E01008576,20.4,20.4,41.5,17.5
E01008533,17,16.4,41.2,25.6
E01008535,11.2,14.8,38.5,35.4
E01008536,15.6,19.8,45.1,19.4
E01008537,14.9,15.7,42.9,26.6
E01008575,15.7,17.9,43.8,22.8
E01008595,13.5,17.6,44,24.7
E01008596,23.6,19.6,39.9,16.9
E01008597,14.8,14.4,43.7,27.1
E01008598,16.3,19,40,24.5
E01008599,15.5,15,38,31.3
E01008664,16.1,21.5,38.9,23.3
E01008665,13.3,18.6,45.5,22.5
E01008666,19.4,19.1,44.6,16.8
E01008667,13,14.5,41.3,31.3
E01008668,15.3,16.5,42.4,25.6
E01008673,13.5,16.2,40.5,29.9
E01008675,9.9,20.8,44.3,24.8
E01008676,14.6,14.9,44.6,25.8
E01008677,11,14.5,36.3,38.2
E01008678,11.4,18.6,39.9,30
E01008647,11.7,11.9,36.8,39.6
E01008648,11.3,8.3,36,44.4
E01008649,19.8,15.8,38.3,25.9
E01008651,26,18.1,34.8,21
E01008679,13.3,16.7,41.9,28.1
E01008680,14.6,11,34.4,40
E01008682,19.7,18.1,36.4,26
E01008683,12.6,17.1,44.8,25.2
E01008635,14.7,12.9,34.1,38.5
E01008650,12.9,14.1,36.3,36.7
E01008674,13.3,10.9,36.9,38.7
E01008681,12.7,11,32.5,43.7
E01008600,18.3,18.9,38.5,24.3
E01008604,17.4,16,40.3,26.1
E01008660,12.2,13.6,43.9,30.4
E01008661,17.8,14.2,39.8,28.1
E01008633,24.6,16.4,37,22.1
E01008634,17.1,16.8,35.9,30.2
E01008636,15.9,16.4,38.3,29.4
E01008637,15.6,17.3,39.8,27.1
E01008639,21.5,18.2,44.2,16.2
E01008652,18.1,15.1,40.6,26.2
E01008653,22.2,17.1,37.2,23.6
E01008654,13.1,17.7,46.4,22.8
E01008655,19.1,19.5,38.8,22.7
E01008657,12.5,15.7,38.2,33.6
E01008638,12,21,48.4,18.4
E01008640,16.7,18.4,43.8,21.2
E01008641,15.8,13.9,41.5,28.7
E01008642,15.5,15.9,38.8,29.8
E01008590,13.2,16.8,38.3,31.7
E01008591,13.8,19.4,44.6,22.1
E01008592,14.9,19.1,41.4,24.7
E01008594,16.9,17,38.8,27.1
E01008601,19.8,14.6,36.5,28.8
E01008669,18.4,19.1,38.2,24.3
E01008671,11.8,21.6,38.6,27.8
E01008672,14.6,14.9,39.6,30.8
E01008622,11.8,11.3,34.3,42.7
E01008625,17.5,16,35.4,30.9
E01034512,18.2,14.9,38,28.8
E01034513,24.7,18,43.2,14.3
