LSOA code,1 bedroom,2 bedrooms,3 bedrooms,4 or more bedrooms
E01011954,6.6,25.2,59.4,8.7
E01011969,0.7,16,71,12.3
E01011970,0.8,25.8,44.3,29.1
E01011971,0.2,15.2,51.4,33.2
E01033465,0.5,12.8,45.5,41.1
E01033467,7.4,30.3,36,26.2
E01011952,10.5,24.2,56.5,8.7
E01011953,12.7,37.8,43.4,6.1
E01011991,11.5,20.3,46.8,21.5
E01011992,4.7,39.2,46.5,9.5
E01011993,17.9,30,46.3,5.9
E01011994,16.9,33.3,45,4.8
E01011955,11.5,30.6,46.2,11.7
E01011957,4.2,27.7,62.9,5.2
E01032540,4.4,36,46.4,13.2
E01032541,15.5,17.1,56.3,11.2
E01033466,8.6,29.7,50.4,11.3
E01011951,6.3,47.9,36.9,8.9
E01011964,9.3,15.2,25.6,49.8
E01011967,2.8,10,48.5,38.7
E01011999,22.5,27.3,30.9,19.3
E01012000,38.5,27.6,27.6,6.2
E01011950,9,45.4,36.9,8.6
E01011986,0.8,18.9,72.4,7.9
E01011987,1.2,30.4,61.4,7.1
E01012001,11,32.8,46,10.2
E01011949,1.7,21.3,71.6,5.4
E01011980,17.7,25.5,50.5,6.3
E01011981,10.7,22.5,59.6,7.2
E01011984,2.2,23.4,60.5,13.8
E01011985,2.4,23.7,56.9,16.9
E01011988,10,42.3,40.1,7.6
E01011989,11.5,34.6,43.6,10.3
E01011990,4,30.5,54.1,11.3
E01011995,3,21.7,48.1,27.3
E01011996,6,28.2,46.4,19.4
E01011997,0.9,18.9,43.2,37
E01011998,9.9,12.5,44.8,32.8
E01011961,6.2,39.2,46.2,8.5
E01011962,5.7,32.2,54.7,7.4
E01011977,6.5,47.8,42.9,2.8
E01011978,21.8,49.8,25.4,3
E01011979,5.9,38.3,50.6,5.1
E01011959,2.3,14,29.6,54.1
E01011960,2.1,26.4,57.9,13.5
E01011963,1.4,30.2,54.8,13.6
E01011968,6.5,35.9,38.1,19.4
E01011982,0.7,8.3,24.1,66.9
E01012003,1.9,19,39.5,39.7
E01012005,1.4,6.5,38.8,53.3
E01011965,0.6,5.6,52.5,41.4
E01011966,6.1,25.4,46.8,21.7
E01011974,28.7,44.2,20.1,7
E01011975,5,46.5,45.8,2.7
E01011983,0.8,11.3,23.6,64.3
E01012002,6.8,18.2,65.2,9.8
E01035188,7.9,49.2,35.4,7.5
E01012068,20.2,45.3,21.5,12.9
E01012092,23.3,30.5,28.6,17.6
E01012093,6.1,42.6,36.5,14.8
E01035189,54.3,34.5,8.6,2.7
E01035190,18.5,32.7,31.4,17.4
E01035191,6.5,36.1,48.8,8.6
E01035192,15,34,26.7,24.3
E01012058,3.1,48.4,44.4,4.1
E01012059,11.2,47.8,34.7,6.4
E01012060,11.4,21.1,61.4,6.1
E01012061,1.2,7,87.6,4.2
E01012036,3.5,51.6,34.9,9.9
E01012037,3.5,42.4,49.5,4.6
E01012038,1.7,41,53,4.3
E01012039,8.9,38.2,38.6,14.3
E01012040,5.9,46.9,35.8,11.3
E01012041,33,42.7,20.7,3.6
E01012074,2.4,39.3,55.2,3
E01012075,5.3,23.3,67.9,3.5
E01012076,1.2,12.1,84.2,2.5
E01012077,11.6,18.5,62.6,7.2
E01012088,6.7,14.7,72.1,6.6
E01012078,7,46.2,38.1,8.7
E01012079,3.7,4.6,70.4,21.2
E01012080,4.4,6.6,80.3,8.7
E01012081,9.3,21,51.7,18
E01012026,3.9,12.2,72.3,11.6
E01012027,17.3,37.4,34.7,10.7
E01033469,6.6,31.9,50.3,11.2
E01012015,22.2,17.1,56.9,3.7
E01012016,17.9,27.6,51.3,3.2
E01012017,6.1,35.6,52,6.3
E01012089,12.5,22.5,57.1,7.9
E01012090,24.6,14.8,55.8,4.8
E01012091,4.8,18.1,65,12.1
E01012011,4.8,28.4,63.1,3.7
E01012012,0.9,2.8,79.4,16.8
E01012013,2.6,10.7,79.2,7.5
E01012014,3.3,25,67.6,4.1
E01012053,0.9,13.5,56.2,29.3
E01012054,2.2,8.3,67,22.4
E01012055,3.7,24,37.5,34.9
E01012056,8.4,30.3,54.8,6.5
E01012057,7.2,19.7,52.5,20.6
E01012082,1.4,24.7,69.1,4.8
E01012083,2.2,34,61.7,2.2
E01012084,8.1,30.4,58.4,3
E01012085,4.4,27.7,64.6,3.3
E01012018,21.6,18.8,50.5,9.2
E01012019,19.3,39,38.9,2.9
E01012020,8.3,12.2,69.9,9.5
E01012021,5.3,20.4,65.6,8.7
E01012007,12.2,20.4,50.8,16.7
E01012008,0.2,2.4,81.5,15.9
E01012009,2.7,21.3,58.6,17.4
E01012010,0.2,2.4,64.1,33.3
E01012046,1.8,35.7,40.8,21.7
E01012047,3.8,2.8,75.5,17.9
E01012048,0.9,10.6,72.4,16.1
E01012049,10.1,23,49.9,17
E01012050,2.1,24,68.7,5.2
E01012051,1.6,18.2,75,5.2
E01012052,3.4,16.8,48.3,31.5
E01012022,3.8,18.8,42.7,34.7
E01012023,1.2,44.7,36.9,17.1
E01012024,1.5,14.9,70,13.7
E01012025,0.8,12,72.3,14.9
E01012065,2.3,23.8,42.1,31.9
E01012066,0.3,14.7,28.9,56.1
E01012067,5.1,22.6,49.6,22.7
E01012042,27,25.6,41.3,6.1
E01012043,4.3,26.1,58.1,11.5
E01012044,19,18.7,51.9,10.4
E01012045,19.1,10.1,62.7,8
E01032552,9.6,12.7,54.9,22.8
E01035193,0.4,20.7,30.7,48.1
E01035194,5.6,22,45.6,26.8
E01012030,9.3,21.6,40.3,28.8
E01012031,23.4,26.1,40.7,9.7
E01012032,0,9.9,30.6,59.5
E01012033,36.1,26.5,25.2,12.1
E01012034,3.2,20,38.3,38.5
E01012035,23.4,31.9,35.4,9.3
E01012062,0.4,20.2,49.6,29.8
E01012063,11.1,16.3,57.9,14.7
E01012071,0.7,3.7,25.4,70.2
E01012073,1.9,17.9,46.9,33.3
E01032593,1.6,8.8,32.3,57.4
E01035195,1.1,19.6,40,39.3
E01035196,8.4,30.3,40.1,21.2
E01012100,38.3,29,18.3,14.3
E01012101,19.7,28.5,34.1,17.6
E01012102,6.1,44.7,41.9,7.2
E01012184,1.6,27.6,59.5,11.2
E01012105,12.3,6.7,69.3,11.6
E01012142,8.2,14,70.4,7.5
E01012143,4.2,35.5,53.8,6.5
E01012144,1.6,10.2,80,8.1
E01012106,3.5,22.4,67.1,6.9
E01012107,18.8,23.9,53.4,3.8
E01032560,4.7,12.9,67.8,14.5
E01032561,7.1,39.4,51.3,2.2
E01012176,2.4,33.7,51.3,12.6
E01012177,4.3,28.5,36.1,31.1
E01012178,4.3,16.3,64.3,15.1
E01012179,2,24.1,51.2,22.7
E01012180,1,8.1,31.7,59.2
E01012185,11.2,16.5,66.7,5.7
E01012186,2,28.1,55.3,14.6
E01012127,34.2,25.4,36.3,4
E01012128,18.5,35.4,42.4,3.6
E01012129,4.4,23,47.5,25.1
E01012130,1.5,36,43.9,18.6
E01012131,26.7,24.4,41.1,7.8
E01012138,1.3,16.7,38.5,43.5
E01012139,0.9,9.8,64.2,25
E01012140,5,17.3,67.9,9.8
E01012141,1.4,20.7,58.1,19.7
E01012154,2,34.1,47.5,16.4
E01012155,15.2,20.9,49.8,14.1
E01012156,0.4,10.1,63.1,26.4
E01012157,12.3,17,46.6,24.1
E01012158,5.9,16.2,45.5,32.5
E01012159,31.7,40,16,12.2
E01012160,6.3,25.8,50.4,17.5
E01012161,9,28.5,36.4,26.1
E01012113,4.6,30.3,60.9,4.2
E01012114,10.3,34.9,50.5,4.4
E01012175,11.4,38.2,48.5,2
E01033471,2.6,23.2,67.7,6.4
E01012095,0.6,18.8,55.9,24.7
E01012097,3.7,27,59.3,10
E01012098,2.4,30.6,45.5,21.5
E01012099,8.3,38.6,48.4,4.7
E01012108,4.1,31,59.1,5.9
E01012109,4.4,34.6,53.2,7.8
E01012110,6.4,36.5,47,10.2
E01012111,17.2,38.6,39.1,5.1
E01012171,16.1,35,43.7,5.1
E01012172,4.1,41.1,48.1,6.7
E01012162,2.3,38.9,43.5,15.3
E01012163,2,18.5,40.4,39.2
E01012164,2.6,36.8,40.2,20.4
E01012165,6.6,39.6,38.6,15.2
E01012096,3.6,41.4,47.8,7.3
E01012136,6,30.7,45.8,17.6
E01033473,4.8,30.7,54.1,10.4
E01012112,27.3,20.3,47.3,5.2
E01012145,6.8,38.7,45.8,8.6
E01012147,4.6,16.2,49.7,29.6
E01012149,3.4,22.3,52.4,21.9
E01012132,7,32,46.7,14.3
E01012134,1.6,42.2,43.5,12.8
E01012137,2.5,20.7,53.7,23.1
E01012181,3.2,39.8,46.4,10.6
E01012117,20.5,37.9,27.9,13.7
E01012118,9.6,27.5,56.3,6.6
E01012119,9.4,21.4,41.8,27.3
E01012121,21,21,50.5,7.6
E01032548,1.2,16,40.5,42.3
E01032549,2.1,17.6,33.6,46.8
E01033472,0.6,20,64.9,14.5
E01012120,3.9,23,53.6,19.5
E01012124,0.4,9.9,31.2,58.5
E01012182,0.5,17.4,45.2,36.9
E01012183,0.5,9.2,67.4,23
E01012148,18.1,34.8,37.1,10
E01012150,14.4,22.9,54.2,8.6
E01012151,0.9,27.3,55,16.7
E01012152,0.7,21.1,54.9,23.4
E01032594,13.5,15.5,49.2,21.8
E01012146,1.1,17.1,61.5,20.2
E01012167,2.7,14.4,67.6,15.4
E01012168,8.2,22.4,63.3,6.1
E01012170,10.5,21.6,61.2,6.7
E01012173,8.2,29,45,17.7
E01012174,1,9.4,76.9,12.7
E01033470,15,29.5,47.7,7.7
E01012242,1,14.8,69.2,15
E01012243,1.8,24.8,57.8,15.5
E01012244,3.4,21.3,55.1,20.2
E01012246,3.2,18.4,46.7,31.8
E01012296,17.1,27.1,34,21.8
E01012297,1.2,12.8,35.5,50.5
E01012197,2.4,31.5,58.7,7.3
E01012256,4.1,28.9,47.1,19.9
E01012257,1.1,24.3,55.6,19
E01012275,4.3,10.3,80.5,4.9
E01012276,17.1,34.2,44.5,4.2
E01012277,0.4,18,77.9,3.6
E01012196,4.3,20,71.7,4
E01012198,5.2,18.9,67.5,8.4
E01012214,0.6,3.1,90.5,5.8
E01012215,5.9,15.4,75.1,3.6
E01012216,1.4,11.8,82.1,4.7
E01012245,5.9,28,59,7.1
E01012278,3.6,14.5,72.1,9.7
E01012279,0.8,5.4,84.6,9.3
E01012280,2.3,26.3,62.6,8.7
E01012281,29.9,14.4,49.2,6.5
E01012255,0.8,25,53.3,21
E01012269,3.3,11.3,31.3,54
E01012294,3.1,14.1,36,46.8
E01012295,0.9,25.8,43.8,29.5
E01033476,0.5,7.1,21,71.4
E01033480,1,7.3,28.6,63.1
E01012210,0.2,12.6,47.9,39.4
E01012211,1.9,14.6,46.4,37.1
E01012212,2.2,35.9,34.5,27.5
E01012213,20.1,38.1,33.3,8.5
E01012192,6.3,33,52.3,8.4
E01012193,2,22,68.8,7.2
E01012260,12.9,33.9,37.9,15.3
E01012261,3.4,28.2,61.5,7
E01012247,10.7,22.4,61.7,5.2
E01012249,9,25.3,56.8,9
E01012271,10.1,15.1,69.9,4.9
E01012272,8.1,26.7,57.5,7.7
E01012273,4.7,36.4,52.7,6.2
E01012274,6,14.8,71,8.2
E01012248,13.9,29.1,46,11
E01012250,15.6,27.1,47.5,9.8
E01032542,0.6,28.4,60.9,10.1
E01032543,14.3,22.7,55.3,7.8
E01032544,8.4,13.1,43.8,34.7
E01012194,4.1,46.7,39.4,9.9
E01012195,15,32.6,46.7,5.7
E01012258,17.8,30.5,45,6.7
E01012259,3.6,31,58.5,6.9
E01012268,13.5,23.4,54.2,8.8
E01012187,0.8,11.4,79.7,8.2
E01012188,3.1,14,59.1,23.8
E01012189,3.4,27.2,56.3,13.1
E01012205,10.4,21,53.3,15.3
E01012219,1.9,7.2,72.9,18
E01012251,3.2,38.8,50.8,7.2
E01012252,9.9,42.6,41.3,6.3
E01012253,13.8,4,71.1,11
E01012254,14.3,40.4,37.4,7.9
E01012204,3.7,32.3,37.2,26.7
E01012206,16.6,32,36.6,14.7
E01012207,6.8,17,41.5,34.7
E01012208,0.2,9.9,69.3,20.7
E01012190,4.3,27,51.2,17.5
E01012191,11.1,22.7,51.5,14.7
E01012224,2,18.4,61.4,18.2
E01012225,3.6,16.6,56.2,23.7
E01012226,0.7,17.4,62,19.9
E01012209,4.4,15.5,54.1,26.1
E01012217,22.8,39.5,32,5.7
E01012218,0.6,20.3,51.4,27.7
E01012223,1.9,12,51.4,34.7
E01012286,12.8,48.1,33.9,5.2
E01012287,32.1,39.6,23.7,4.6
E01012288,15.2,29.2,45.9,9.7
E01012289,7.2,13.7,68.1,11
E01012238,4.4,24.4,66,5.1
E01012239,8.8,16.4,62,12.8
E01012240,5.5,19.1,62.8,12.6
E01012241,1.5,16.7,72.9,8.9
E01012290,6,29.9,44.5,19.7
E01012291,4.3,28,55.9,11.8
E01012292,10.1,24.8,48.6,16.6
E01012282,10.3,22,59.8,7.9
E01012283,15.9,17.4,54.8,11.8
E01012284,9.2,41.2,40.9,8.7
E01012285,6.5,34.5,45.9,13
E01012199,1.5,15,45.1,38.4
E01012200,3.1,32.8,41.8,22.4
E01012201,1,19.1,49,30.8
E01012202,11.9,17,42.7,28.3
E01012203,0.4,9.5,55.9,34.2
E01012270,7.7,27.6,41.8,22.9
E01012228,0,9.4,48.1,42.5
E01012230,0,17,38.4,44.6
E01012233,0.4,9.6,32.4,57.6
E01012236,4.6,20.7,41.5,33.2
E01012237,0.6,3.6,37,58.8
E01012235,0.9,16.9,26.9,55.4
E01012298,0.2,5.8,25.5,68.6
E01012299,9,36.2,24.4,30.5
E01012300,14.2,27.1,44.4,14.3
E01012301,1.3,16.9,41.8,40
E01012302,3.6,14.5,31.5,50.4
E01012303,3.8,19.2,40.6,36.3
E01012267,24.9,46.7,20.9,7.5
E01035197,29.4,24.3,37.5,8.8
E01035198,4.8,23.7,55.6,15.8
E01035199,32.8,45.8,18,3.3
E01012262,10.6,39.1,34.4,15.9
E01035200,32.7,25.6,18.1,23.6
E01035201,1.1,15.9,46.1,36.9
E01035202,11,25.1,42,21.9
E01012227,2.6,24,44.9,28.6
E01033474,1.8,17.6,39.3,41.2
E01033479,0.3,5.6,34.9,59.1
E01035203,0.2,7.6,42.3,49.9
E01012231,0.3,10.3,32.2,57.2
E01012232,0.2,12.2,46.7,41
E01012234,1.2,4.8,32.6,61.4
E01033475,0.3,1.9,17.8,80
E01035204,0,0.5,11.4,88.1
E01012334,1.8,12.9,31.9,53.5
E01012335,3,17.3,47.6,32.1
E01012366,3.7,18.2,41.6,36.5
E01033481,2.9,27.7,39.7,29.7
E01033482,2.1,27.5,41.7,28.7
E01012323,1.5,34.1,58,6.4
E01012324,0.9,48.5,45.1,5.5
E01032545,2.6,28.8,57.2,11.3
E01032546,0.7,13.9,53.5,31.8
E01012328,14.2,38.5,39,8.3
E01012329,0.9,23.2,45.1,30.8
E01012330,1.3,15.1,51.7,31.8
E01012331,1,30.1,48.3,20.6
E01012349,29.1,45.4,21.9,3.7
E01012350,15.4,53.2,28.2,3.2
E01012351,2,16.2,52.7,29.1
E01012352,22.7,53.2,20.1,3.9
E01012325,4.2,35.5,43.1,17.1
E01012326,11.2,29.5,51.8,7.5
E01012332,7.5,40.1,48.1,4.2
E01012333,8.6,24.5,58,8.9
E01012309,0.8,28.4,53,17.7
E01012310,3.1,37,52.5,7.4
E01012311,8.2,14.6,66.6,10.7
E01012312,26.8,19.6,47.3,6.4
E01012313,11.2,35.4,49.5,3.8
E01012314,14.2,34.9,47.3,3.6
E01012307,7,54.5,33.7,4.7
E01012327,12.3,33.6,45,9.2
E01012342,7.4,42,39.5,11.1
E01035183,0.5,25.4,55.3,18.8
E01035184,5.5,35.8,53.3,5.4
E01012315,3,12.5,49.5,35
E01012360,17.4,15.3,28.9,38.4
E01035185,11.7,17.3,23.1,47.9
E01035186,16,39.8,14.8,29.4
E01012336,13.9,12.3,24.5,49.3
E01012337,0.8,9.6,53.5,36.1
E01012347,6.9,17,55.8,20.3
E01012348,1.7,27,49.3,22
E01012361,1,15.3,44.8,38.9
E01012304,42.8,32.5,21.9,2.9
E01012305,15.4,61.3,19.7,3.6
E01012306,1.8,35.4,50.2,12.6
E01012340,3.2,45.8,41.2,9.8
E01012341,21.1,28.4,45.3,5.2
E01012317,3.5,51.2,40.1,5.2
E01012318,19.9,31.5,44.4,4.2
E01012319,1.4,33.1,57.2,8.3
E01012356,9.4,42.9,25,22.6
E01012357,4.5,35.5,45.1,14.9
E01012358,5.9,38.4,46.5,9.2
E01012359,14.7,29.2,52,4.2
E01012338,5.3,28,41.9,24.8
E01012339,2.9,16.1,38.9,42.1
E01012344,6.4,31.1,39.5,23
E01012345,1.2,25.5,33.5,39.8
E01012346,1.2,11.9,35,51.9
E01012353,3.3,73.2,20.3,3.2
E01012354,21.1,34.6,26.6,17.7
E01012355,17.5,47.2,19.2,16.2
E01012362,5.2,66.2,24.8,3.7
E01012363,3.8,65,27.1,4
E01012364,2,61.8,29.4,6.8
E01012365,2.2,13,72.2,12.6
E01035187,40.5,37.3,15.9,6.2
E01020613,1.1,6.8,60.2,31.9
E01020614,9.9,38,42.3,9.8
E01020622,2.2,15.3,61.1,21.4
E01020623,4.5,29.8,41.8,24
E01020606,2.7,55.4,35.5,6.4
E01020615,4.8,29.3,60.7,5.2
E01020616,5.1,50.6,34.4,9.9
E01020617,4.4,25.6,53.9,16.1
E01020596,14.3,28.1,53.3,4.3
E01020597,2.7,33.9,46.8,16.5
E01020598,8.8,28.6,42.8,19.8
E01020611,0.5,18.8,50.6,30.1
E01020612,1.2,15.6,47.7,35.4
E01020592,7.7,26.4,60.7,5.1
E01020593,9.7,49,37.7,3.6
E01020599,32.1,11.3,53,3.6
E01020601,6.3,17.2,54.7,21.8
E01020602,20.1,25.7,50.6,3.7
E01020618,9.9,22,59.4,8.7
E01020594,4,54.2,33.6,8.2
E01020595,3.6,29.4,41.1,25.8
E01020600,0.8,29,41.2,29
E01020603,0.5,16.5,27.6,55.4
E01020605,1.9,37.4,32.9,27.9
E01020590,0.7,38.9,32.6,27.8
E01020591,6.1,41.6,38.7,13.7
E01020608,5.3,28,41.6,25.1
E01020609,3.5,23.6,60.8,12.1
E01020610,0.7,22,46.3,31.1
E01020604,4.8,29.8,45.7,19.6
E01020607,5.6,31.8,47.3,15.3
E01020619,1.1,35.9,50.2,12.8
E01020620,10.3,23.9,51.7,14.1
E01020621,8.4,32.8,48,10.9
E01020634,1.3,26.6,51.4,20.7
E01020635,2.1,36,39.9,22
E01020636,5,39,51.7,4.3
E01020654,3.4,28.9,47,20.8
E01020676,6.1,31.7,48.4,13.7
E01020627,1.1,33.8,50.8,14.3
E01020628,3.4,25,40.5,31.1
E01020629,0.9,20.5,58.4,20.1
E01020655,3.8,28,35.3,32.9
E01020656,3.5,35.2,49.2,12.1
E01020657,1,18,45.9,35.2
E01020661,6.2,38.5,34.8,20.4
E01020662,0.6,38.4,48,13
E01020663,0.8,31.4,47.2,20.6
E01020674,6,43.3,46.7,4.1
E01020678,2.3,21.8,66.6,9.3
E01020626,3.8,52.9,38.8,4.5
E01020638,1.4,40.3,48.2,10
E01020639,4.6,40.7,42.6,12.1
E01020653,1.2,44.5,43.1,11.2
E01020677,2.3,36.3,47,14.4
E01020647,1.7,29.4,64.8,4.1
E01020648,3.9,20.6,59.9,15.6
E01020649,4.4,42.4,44.7,8.6
E01020673,6.6,53.6,36.7,3.1
E01020675,1.3,54.2,39.8,4.7
E01020624,4.4,42,45.8,7.8
E01020625,6.1,35.8,47.1,11.1
E01020670,6.4,32.4,54.9,6.3
E01020671,9.2,47.2,39.4,4.2
E01020672,1.8,43.8,40.6,13.7
E01020632,6,35.1,37.8,21.1
E01020640,1,41.1,36,21.9
E01020641,6.9,39,40.1,14.1
E01020642,2.1,36.9,47.2,13.8
E01020643,8.5,55,26.6,9.9
E01020667,10.3,50.8,33.7,5.2
E01020650,0.6,27.6,50.6,21.2
E01020651,3.5,36.8,49.5,10.2
E01020652,4,22.2,59.5,14.3
E01020668,1.8,40.6,52.7,4.8
E01020669,2.6,28,49,20.4
E01020630,1,25.5,60,13.5
E01020631,6.1,35.5,53.5,4.9
E01020637,2.2,27.1,43.1,27.6
E01020645,4.5,20.9,71.8,2.8
E01034489,1.3,28,52.2,18.5
E01034490,6.3,11.2,54.2,28.3
E01034491,0.6,40,54.3,5.2
E01020633,3.9,28.2,52.3,15.7
E01020664,2.3,30,36.5,31.3
E01020665,5.4,33.6,45.8,15.1
E01020666,0.6,15,55.7,28.6
E01020646,4.8,30.1,46.1,19
E01020658,2.8,52.1,40.6,4.4
E01020659,1.4,31.9,39.4,27.3
E01020660,1.2,32.1,44.2,22.6
E01020709,2.5,24.9,31.3,41.3
E01020717,1.5,32.3,42.5,23.7
E01020718,9.8,21.1,43.4,25.7
E01020719,1.1,16.9,48.7,33.3
E01020721,1.1,12,53.8,33.2
E01020708,11.2,26.5,37.2,25
E01020710,4.7,37.9,42.2,15.2
E01020711,10.3,30,48.9,10.8
E01020720,17.7,25.3,48.6,8.3
E01020679,9.5,33,49.2,8.3
E01020680,1.3,19.9,39.6,39.3
E01020681,13.3,34.3,45,7.4
E01020714,0.3,18.7,55.3,25.7
E01020716,5.5,31.2,58.2,5.1
E01020725,5.2,28.5,43.5,22.8
E01020726,1.9,27,45.3,25.7
E01020727,11.1,47.7,32.6,8.7
E01020729,6.6,38.6,41.8,13
E01020730,9.2,35.8,47.2,7.9
E01020731,4.9,25.4,44.5,25.1
E01020682,2.9,17.9,49.1,30.1
E01020683,2.6,17.6,45.3,34.4
E01020690,2,39,42.3,16.6
E01020691,10.2,35,47.8,7
E01020692,6.4,20.9,48.2,24.4
E01020693,7.7,30.7,48.6,13
E01020722,9.1,32.2,49.3,9.3
E01020723,16.8,24.7,33.4,25.1
E01020724,9.4,16.9,65.8,7.9
E01020703,16,21.6,16.8,45.6
E01033195,10.5,20.6,26,42.9
E01033197,11.5,22.5,24.3,41.8
E01034493,23.6,27.8,15.6,33
E01020702,3.7,16.2,33.6,46.5
E01020704,3.7,8.1,20.7,67.5
E01020712,2.4,18.4,39.4,39.8
E01034496,0.9,9.4,40.7,49
E01034497,5.7,22.6,41.2,30.5
E01034498,1,7.5,19.7,71.8
E01034499,5.6,34.6,38.4,21.5
E01020705,5.9,38.7,49,6.4
E01020706,5,39.6,42,13.3
E01034494,3.2,39,37.4,20.4
E01034495,3.2,31.2,52.4,13.2
E01020685,3.2,14.6,59.2,23
E01020686,17.3,42.3,36.1,4.4
E01020687,11.9,34.1,42.1,12
E01020688,6.1,23.3,58.8,11.7
E01020689,10.3,28.8,55.5,5.4
E01020694,14.4,31.5,43.9,10.2
E01020696,6.8,36.1,43.6,13.5
E01020697,0.7,31,54.2,14
E01020732,1.6,17.5,41.8,39.1
E01020695,2.5,34.7,52,10.8
E01020698,1.2,25.9,47.1,25.8
E01020699,7.8,35.2,48.9,8.1
E01020700,4.6,36.5,50.4,8.5
E01020701,7.4,31.7,34.3,26.6
E01020750,4.1,40.1,36.4,19.4
E01020786,2.6,23.2,49.7,24.5
E01020787,16.2,33.8,42.7,7.3
E01033163,6.2,15.4,43,35.3
E01034492,15.2,31.2,47.9,5.8
E01020740,2.3,19.8,61.6,16.4
E01020741,4.9,48.1,40.1,6.9
E01020742,11.1,32.7,47.7,8.5
E01020782,10.9,35.5,37.5,16.1
E01020783,16.2,32.6,43.6,7.5
E01020784,25.4,26.9,36.4,11.4
E01020743,2.6,30.3,52.9,14.3
E01020747,2.1,49.4,44.7,3.8
E01020748,7.3,31.6,49.1,12
E01020749,2.1,78.1,17.6,2.3
E01020773,17.1,31.2,39.2,12.5
E01020775,18,33.7,41.5,6.9
E01020776,9.2,32.7,42.3,15.8
E01033161,2,30.6,40,27.4
E01033198,5.2,55.3,36.9,2.5
E01033205,5.1,29.7,47.7,17.5
E01033206,8.9,30.9,54.1,6.2
E01020751,2.6,27.6,64.1,5.6
E01020752,2.1,47.8,45.6,4.4
E01020754,18.7,23.2,37.7,20.4
E01020756,0.9,22.2,48.9,28
E01020745,3.8,51.4,38.7,6.1
E01020753,14.9,33,39.8,12.3
E01020757,2.1,40.3,51.8,5.8
E01020758,3.1,50.1,39.1,7.7
E01020759,2.5,42.4,49.5,5.7
E01020765,8.4,41.6,46.2,3.8
E01020760,6.2,29.1,46.1,18.6
E01020761,4.8,35.6,51.5,8.1
E01020762,12.6,36.6,45.3,5.5
E01020763,7.1,32.8,43.7,16.5
E01020764,3.2,60.5,33.1,3.2
E01020766,18.3,49.4,27.2,5.1
E01020767,8.4,46.8,38.3,6.5
E01020768,4.5,40.4,44.5,10.6
E01020733,3.5,29.3,53.8,13.4
E01020734,0.6,26.1,66.2,7.1
E01020735,7,32.2,52.2,8.6
E01020770,4.1,19.4,66.9,9.6
E01020771,13.7,13.7,70.8,1.8
E01020780,3.7,26.1,58.1,12.1
E01020746,8.3,17.5,55,19.2
E01020769,5.8,7.1,67.1,20.1
E01020777,18.3,28.2,45.2,8.3
E01020778,4.6,19.6,54.9,20.9
E01020779,0.4,16.3,56.2,27
E01020737,5.1,46.9,35.8,12.2
E01020739,20.7,54.7,21,3.6
E01020744,4.3,25.5,60.4,9.9
E01034500,4.8,46.1,41.8,7.3
E01020788,8.5,29.6,51.7,10.2
E01020789,5.9,34.9,40.3,18.9
E01020790,6.2,38.2,48.4,7.2
E01020791,7.8,29,53.5,9.7
E01020792,5.9,31.4,47,15.8
E01020772,3.3,24.7,41.3,30.7
E01020793,9.8,36.3,49.1,4.9
E01020794,4.4,20,52.6,23.1
E01020795,3.6,29.7,47.5,19.2
E01020817,0.2,16.8,63.1,20
E01020818,7.5,35.9,40.7,15.9
E01020819,6.9,34.1,53.2,5.8
E01020837,3.4,28.1,52.1,16.5
E01020843,1.2,31.9,49.4,17.5
E01020809,5.3,45.4,44.4,4.9
E01020810,4.8,26.1,51.6,17.6
E01020811,5.7,42.7,42.5,9.1
E01020812,5.1,31.5,51.8,11.6
E01020827,7.3,32.7,50.9,9.2
E01020806,11.1,27.8,49.5,11.6
E01020807,1.2,58.6,37.6,2.5
E01020820,6,42.6,42.3,9.1
E01034501,7.8,42.4,40,9.7
E01034502,0.2,6.5,39.6,53.7
E01020797,10.3,39.4,39.9,10.3
E01020798,3.4,55.4,38.5,2.6
E01020799,11.1,44.6,40.1,4.2
E01020808,12.3,31.2,43.8,12.6
E01020821,2.7,29.5,29,38.8
E01020822,3.4,21.1,49.9,25.6
E01020823,11.6,43.9,41.6,2.9
E01020835,1.6,40,47.8,10.6
E01034503,12.4,29.3,30.5,27.8
E01034504,0.6,43.2,39.6,16.6
E01020805,11,43.2,40.3,5.5
E01034505,12,33.9,42.7,11.4
E01034506,5.5,45.3,39.8,9.3
E01034507,2.7,38.5,47.6,11.2
E01034508,0.9,20.9,45.1,33.1
E01020796,3.8,26.5,45.2,24.6
E01020828,2.1,14.6,44.5,38.8
E01020829,3.6,22.3,42.1,32.1
E01020830,9.8,30.5,33.6,26
E01020801,3.1,52.9,36.9,7.1
E01020802,12.5,38.2,36.3,13
E01020838,6.2,45.2,39.6,8.9
E01020839,10,44.5,40.3,5.2
E01020840,1.2,31.2,51.5,16.2
E01020841,6.5,57.9,32.3,3.3
E01020813,0.6,9,58.4,32
E01020814,11.2,25.6,41,22.2
E01020815,1.2,25,53.7,20.1
E01020848,4.8,34.7,48.5,12
E01020850,0.9,6.9,42.7,49.5
E01020851,2.5,21.5,48.8,27.2
E01020816,3.6,27.8,62.3,6.2
E01020844,3.7,36,52.5,7.8
E01020847,3.3,23.5,65.2,7.9
E01020849,10.8,21.1,58.7,9.3
E01020825,6.7,30.4,54.4,8.6
E01020831,5.1,44.2,42.8,8
E01020833,2.8,18.3,65.1,13.9
E01020834,5.2,55.6,33.5,5.6
E01020824,10.1,43.7,41.2,4.9
E01020826,3.4,26.1,50.8,19.6
E01020832,1.6,30.8,52.2,15.5
E01020845,3,34.9,54.7,7.4
E01020846,1.7,15.3,57.8,25.2
E01020856,4.4,41.7,43.1,10.7
E01020858,4.7,32.2,42.5,20.5
E01020859,2.2,33.2,39.5,25.1
E01020860,5.6,39,47.9,7.5
E01020861,2.7,47.9,36,13.3
E01020862,3.5,24,43.6,28.9
E01020864,5.2,30.4,39.5,24.9
E01020867,5,29.1,42.2,23.7
E01020889,3.5,30.3,44.1,22.1
E01020890,3.7,34.1,43.1,19.1
E01020891,3.3,33,39.9,23.8
E01020905,5,33,42.2,19.9
E01020906,2.3,27.9,42.6,27.3
E01020876,6.4,35.2,47,11.4
E01020878,5.6,31.3,53.4,9.8
E01020887,3.2,29.1,44.8,22.9
E01020892,10.1,35.6,41.9,12.5
E01020894,4.3,26,52.7,17
E01020898,11.3,47.2,39.5,2
E01020877,8.7,37.1,41.5,12.8
E01020879,5.2,22.8,48.7,23.4
E01020893,2.5,40,41.4,16
E01020899,5.2,49.7,34.8,10.3
E01020903,4,34.1,39.8,22.2
E01020904,3.2,31.3,46.2,19.3
E01020873,16.8,40.4,37.7,5.2
E01020875,1.5,39.5,41,18
E01020900,4.7,19.8,42,33.6
E01020901,17.5,37.6,40,4.8
E01020902,10.5,41.6,44.5,3.4
E01020868,13.2,33.1,31,22.7
E01020869,3.7,49.1,34,13.2
E01020874,9.7,33.9,40.7,15.7
E01020880,10.4,38.4,31.9,19.3
E01020881,3.9,34.6,45.2,16.3
E01020870,0,17.9,52.1,30.1
E01020871,1.1,35.2,44.4,19.3
E01020872,10.3,34,34.5,21.1
E01020883,1.7,24,37.8,36.4
E01020886,6.3,35.1,49.3,9.4
E01020882,2.2,24.1,46,27.7
E01020888,2,34.2,34.3,29.5
E01020895,6.5,46.6,36.2,10.7
E01020896,3.4,37.3,47.4,11.9
E01034509,2.5,25.9,54.5,17.1
E01034510,5.8,41.7,44.6,7.8
E01020884,7.5,37,43.8,11.7
E01020885,16,34.1,34,16
E01020907,2.9,40.4,50.7,6
E01020908,3.2,45.1,41.7,10.1
E01020909,10.3,40.8,45.9,3
E01020852,12.9,43.1,31,13.1
E01020853,6.5,26.4,45.7,21.4
E01020854,6.4,30.8,37.8,25
E01020855,5,19.5,46.3,29.2
E01020857,3.6,23.6,42.7,30.1
E01020863,2.2,19.7,40.9,37.2
E01034511,3.1,29.7,40.7,26.6
E01027356,6.3,22.4,33.8,37.5
E01027357,0.9,9.4,40.1,49.5
E01027366,2.8,25.8,46,25.5
E01027367,2.7,24.3,39.6,33.4
E01027358,19.9,32.7,38.4,9
E01027359,12.5,34,45.9,7.5
E01033715,31,31.8,28,9.2
E01033717,9.8,20.2,42.3,27.6
E01027361,9.1,30.3,49.8,10.9
E01027362,7.2,28.5,44.1,20.1
E01027363,8,41.8,45.6,4.7
E01027364,5.2,19.7,53.4,21.7
E01027370,2.7,16.6,38.1,42.6
E01027371,6.5,26.8,46.1,20.7
E01027372,5.2,19.9,43.1,31.8
E01027365,3,25.4,39.3,32.3
E01027368,11.2,24,38.5,26.4
E01027369,2.9,28.4,41,27.7
E01027373,2.8,28.9,40.2,28.1
E01027376,6.1,48.6,35.6,9.6
E01027377,22.3,37.3,27.6,12.8
E01027385,3,42.7,45.6,8.7
E01027387,18.4,40.1,34.3,7.2
E01027388,7.6,40,48.7,3.7
E01027389,11.3,39.4,38.6,10.7
E01027378,3.7,19.1,44.7,32.5
E01027379,1.8,31,47.3,19.9
E01027380,5.3,31.6,43.3,19.8
E01027382,3.6,34.8,39.1,22.5
E01027386,4,31.8,51.6,12.6
E01027374,5.2,32.9,41.6,20.4
E01027375,3.6,30,42.8,23.6
E01027381,4.3,29.8,41.6,24.3
E01027383,8.9,34.2,41.3,15.5
E01027384,3.4,28.6,42,26
E01027390,8.6,41.6,35.9,13.8
E01027392,26,22.9,43.9,7.1
E01027393,7.2,23.5,64.9,4.5
E01027416,14.7,46.1,35.3,3.9
E01027424,15.9,25,51.3,7.8
E01027414,8.2,30.5,43.9,17.4
E01027415,15.9,36.1,39.3,8.8
E01027431,11.8,48.2,35.4,4.5
E01027442,23.7,29.1,32,15.1
E01035631,5.5,33.6,50.4,10.5
E01035632,6,20.5,41.2,32.3
E01027391,2.2,12.7,71.4,13.7
E01027422,9.3,37.4,48.1,5.2
E01027423,10.3,21.2,62.9,5.6
E01027429,9.4,44.2,42.3,4.1
E01027430,7.7,36.4,48.4,7.4
E01027426,1.1,26.2,51.8,20.9
E01027427,19,42.3,33.8,5
E01027428,0.3,17.7,66,16
E01035633,1.3,33.2,49.5,16
E01035634,1.2,8.7,32.6,57.5
E01035635,1.7,14.4,42.3,41.6
E01027437,1.6,31.3,43.7,23.4
E01027438,1.9,21.8,68.3,7.9
E01027439,0.3,21.4,32.2,46.2
E01027440,0,15.9,57.9,26.2
E01027398,5.3,23.8,55.4,15.5
E01027409,11.5,34.7,40.9,12.9
E01027411,10.1,35.9,48.4,5.6
E01027412,7.8,31.8,42.7,17.7
E01027413,7.5,22.8,54.8,14.8
E01027417,2.9,27.7,50.4,19
E01027418,7.7,22.4,49.9,19.9
E01027419,11.7,32.9,43.6,11.8
E01027420,4.7,17.2,56.6,21.5
E01027421,21,32.4,33.2,13.4
E01027394,5.1,44.2,41.5,9.2
E01027406,2.6,43.2,39.6,14.5
E01027407,1.8,46.1,41.1,11
E01027408,13.2,35.1,41.9,9.8
E01027410,1.2,18.3,37.9,42.6
E01027432,15.8,46.3,33,4.9
E01027433,11.3,28.9,35.2,24.6
E01027434,6.5,37,44.4,12.1
E01027435,26,19.1,40.7,14.2
E01027436,6.6,29.8,48.6,15
E01027443,6.4,44.2,37.2,12.2
E01027444,1.7,23.9,53.9,20.5
E01027445,3.4,29.3,47.2,20.1
E01027446,1.7,25.1,54.7,18.5
E01027451,12.5,31.5,51.3,4.8
E01027474,5.1,29.6,50.6,14.7
E01027475,3.1,20.1,50.7,26.1
E01027457,3.1,18.6,32.9,45.5
E01027462,14.3,36.5,43.5,5.8
E01027463,5.1,24.1,39.8,31
E01027447,4.1,25.8,33.8,36.3
E01027450,3.4,19.2,36.7,40.7
E01027473,3.2,19.2,31.5,46
E01035629,1.8,12.2,37.5,48.5
E01035630,2.5,18,37,42.5
E01027452,8.8,34.4,37.6,19.2
E01027453,19.4,45.5,26.2,8.9
E01027461,8.7,36.7,44.6,10
E01033718,15.9,28.4,40.6,15.2
E01027455,0.6,11.2,44,44.1
E01027456,0.4,3.3,33.8,62.5
E01027458,1.5,18.2,39.1,41.2
E01027460,3.8,22.1,44.8,29.3
E01027464,5.6,26.6,23.3,44.4
E01027465,2.5,21.6,34.9,41
E01027466,13.2,31.9,40.5,14.5
E01033714,1,13.3,33.8,51.8
E01027449,4.3,25,40.9,29.8
E01027468,0,3.4,28.1,68.5
E01027469,0.4,3.8,24.9,71
E01027471,0.1,3.5,21.6,74.8
E01027472,4.6,23,36.6,35.8
E01027479,3.2,28.2,45.4,23.2
E01027480,4.3,25.8,33.9,35.9
E01027503,3.9,26.2,49.1,20.8
E01027511,3.8,28.6,41.2,26.4
E01027484,2.7,28.1,41.9,27.2
E01027485,13.7,22.9,48.3,15.1
E01027486,9.2,27.7,46.4,16.8
E01027487,6.8,29.5,48.4,15.4
E01027512,2.8,28.7,40.2,28.3
E01027483,5.3,23.4,36.4,34.8
E01027496,12.1,18.3,46.6,23
E01027508,9.4,29.2,42.4,19
E01027513,5.2,20,35.6,39.2
E01027476,14.7,39.5,31.4,14.3
E01027489,7,16.2,36.4,40.3
E01027490,9.7,35,35.1,20.3
E01027491,1.4,15.7,35.7,47.3
E01027492,4.5,22.1,37.5,35.8
E01027493,11.4,47,37.1,4.5
E01027494,8.1,29.5,33.2,29.1
E01027497,2,24.5,39.5,34
E01027498,12.5,34.3,42,11.1
E01027499,5,16.9,51.1,27
E01027500,15,29.7,44.6,10.7
E01035636,4.3,21.3,51.8,22.6
E01027477,3.8,23.5,40,32.7
E01027478,8.8,28.3,41.1,21.8
E01027488,6.6,26.8,41.2,25.4
E01027495,5.6,20.8,31,42.7
E01027505,4.3,16.2,35.6,43.9
E01027510,7.4,25.4,41.5,25.8
E01027541,8.3,24.9,55,11.8
E01027542,13,25.6,52.2,9.2
E01027543,5.5,26,61.7,6.8
E01027544,8.6,27.9,52,11.6
E01027528,5.4,48.6,42.9,3.2
E01027529,1.5,30.8,60,7.8
E01027539,6.4,47.6,40.3,5.7
E01027545,1.3,56.8,39.3,2.6
E01027546,2.8,54.6,39.8,2.8
E01027533,23.9,48.6,24.1,3.4
E01027540,7.9,36.5,46.6,9.1
E01027549,0.9,9,47.4,42.6
E01033716,7.4,24.7,58.4,9.5
E01027530,3.6,34.3,53.1,9.1
E01027531,3.7,25.1,55.5,15.7
E01027534,10,30.2,54.5,5.4
E01027535,1.9,23.4,58.2,16.5
E01027553,8.2,33.7,38.4,19.7
E01027554,3,35.1,49.8,12
E01027515,10,28.3,47.2,14.5
E01027517,7.1,44.1,25.6,23.2
E01027518,13.1,31.4,51.7,3.8
E01027519,8.6,38.7,44.9,7.8
E01027550,6.9,43.1,43.3,6.6
E01027551,12.2,33.4,48.9,5.5
E01027552,5.3,31.6,52.5,10.6
E01027514,5,23.5,45.6,25.9
E01027516,1.6,41.1,38.9,18.4
E01027520,0.3,19.2,42.2,38.3
E01027521,1.1,9.7,36.7,52.5
E01027522,14.8,24.5,54.3,6.4
E01027523,12.1,24.1,52.5,11.3
E01027524,1.2,34.2,50.9,13.6
E01027525,25.8,22.4,32.9,18.9
E01027526,0.6,20.2,44.9,34.3
E01027527,8.6,41.2,45.8,4.4
E01027532,2.4,30.2,52,15.4
E01027536,0.2,28.1,45.9,25.9
E01027537,8,32.2,53.5,6.3
E01027538,1.6,18,45.7,34.7
E01027395,16.1,30.9,38.4,14.7
E01027396,6.8,28.6,57.1,7.5
E01027397,12.6,33.3,50.1,4
E01027399,5.2,19.5,56.6,18.7
E01027400,0.4,12.4,58.1,29.1
E01027401,0,5.4,40.5,54.1
E01027402,1,11.2,43.1,44.7
E01027403,1,20.3,42.2,36.4
E01027404,0.4,17.8,58.7,23
E01027405,1,34.4,46.3,18.3
E01027481,9.9,28.8,33.7,27.6
E01027482,6.2,23.1,40.6,30.1
E01027504,3.7,17.3,29.6,49.4
E01027507,0.9,10.5,32.5,56.1
E01027509,5.3,27.1,39.9,27.7
E01035637,1.7,23.1,38.6,36.5
E01008309,0.4,14.8,50.4,34.3
E01008352,4.7,14,64.8,16.6
E01008357,7.5,13.7,29.2,49.6
E01008358,8.3,66.2,18.5,7.1
E01033550,0.4,8.7,20.6,70.4
E01033551,1.9,17.5,35.8,44.7
E01008336,8.3,41.4,44.3,6
E01008337,5.6,34.8,52.5,7.1
E01008338,4.3,30.9,50.2,14.6
E01008339,14.5,23.4,56.1,5.9
E01008340,12.3,38.8,44.2,4.7
E01008341,15.4,32.1,47.5,5
E01008342,17.2,31.6,36.3,14.9
E01008293,10.9,29.8,45.2,14.1
E01008456,5.3,25.7,65.8,3.2
E01008457,13.3,44,36.9,5.8
E01008458,1,20.8,38.9,39.3
E01008459,5.3,14.5,77.4,2.8
E01008460,6.2,13,72.1,8.8
E01008351,4.7,13.2,68.2,13.8
E01008354,9.1,37.4,31.7,21.8
E01008418,4.5,27.9,21.4,46.2
E01008420,1.8,20.1,24.2,53.9
E01008422,1.7,20.3,39.6,38.4
E01008424,12.6,49.8,28.3,9.3
E01008353,4.9,42.8,43.1,9.2
E01008355,19.3,29.8,27.3,23.7
E01008356,15,20.1,19.9,45.1
E01008378,0,4.6,37.9,57.5
E01008419,4.4,27.5,21.4,46.7
E01008421,4.4,25.3,37.6,32.8
E01008423,3.1,11.5,16.2,69.1
E01008317,0.4,4.7,59.2,35.8
E01008319,0,6.7,32.1,61.2
E01008320,2.5,15.1,57.1,25.2
E01008321,3.7,21.7,35.3,39.4
E01008322,0.2,7,64.6,28.3
E01008323,4.9,47.1,35.7,12.4
E01008295,2.3,12,67.4,18.3
E01008374,4.9,12.2,63.4,19.5
E01008375,16.9,38.6,40.1,4.4
E01008376,0.7,3.8,62.5,33.1
E01008377,3.2,34.6,52,10.3
E01008379,8.2,42.6,37.1,12.1
E01008380,20.5,35,41,3.6
E01008296,9.7,45.9,38.4,6
E01008297,7.9,39.3,49.9,2.8
E01008298,1.9,23.5,59.7,14.8
E01008299,8.2,11.5,73.3,7
E01008314,1.1,29.1,58.2,11.7
E01008315,1.1,16.3,62.7,19.9
E01008316,5.7,22.7,52.2,19.4
E01008318,10,20.4,64.6,5
E01008363,2,56.4,35.3,6.3
E01008365,2.3,6.8,39.9,51
E01008366,7.8,18,24.7,49.5
E01008369,11.1,25.3,15.2,48.4
E01008371,4.8,21.7,18.1,55.4
E01008372,18.2,32.8,19.5,29.6
E01008373,2.3,37.3,23.7,36.7
E01008400,15.5,42.9,29.6,12.1
E01008401,4.9,15.9,71.8,7.4
E01008402,4.6,40.6,39.1,15.6
E01008403,5.3,22,56.4,16.2
E01008404,6.6,55,30.9,7.5
E01008405,7.5,32.7,49.8,10.1
E01008443,1.6,23.8,46.1,28.5
E01008324,7.7,13.8,72.2,6.2
E01008325,15.3,23.4,54.3,7
E01008326,2.2,18.6,61.9,17.2
E01008327,13.1,19,60.8,7.2
E01008328,1.4,32.3,52.2,14.1
E01008329,6,18.8,67.5,7.8
E01008330,4.7,44,46.7,4.6
E01008300,10.6,27.5,56.3,5.7
E01008450,4.3,27.8,62.9,5.1
E01008451,4.3,55.5,36.8,3.3
E01008452,3.6,3.4,43,50
E01008367,18.1,36.4,9.8,35.7
E01008368,9.4,20.6,18.3,51.7
E01008370,22,38.8,14.8,24.5
E01008409,13.5,37.8,21.2,27.5
E01008411,14,46,17.9,22.2
E01008303,40.3,29.6,25.7,4.4
E01008359,13.6,31.2,23.8,31.4
E01008360,6.6,55.5,27.3,10.6
E01008361,5.8,45.2,37.2,11.9
E01008362,15.6,37.2,21.4,25.9
E01008364,6.3,43.6,32,18.1
E01008343,0.8,17.5,65.7,16.1
E01008344,8.7,39.8,43.7,7.7
E01008345,10.7,65.3,21.6,2.3
E01008346,13.7,33.2,46.5,6.6
E01008347,1.8,24.2,57.4,16.6
E01008348,1.9,15,67.4,15.7
E01008349,0.6,14.2,62.4,22.8
E01008350,3.1,44.9,44.9,7.1
E01008430,5.9,46.6,43.5,4
E01008431,7.6,43.6,38.5,10.3
E01008433,8.2,31.3,48.7,11.7
E01008434,4.5,17.4,61,17.1
E01008435,3,53.8,38.4,4.8
E01008436,22.4,29.5,44.6,3.5
E01008381,8.4,34.5,41.6,15.6
E01008382,13,12.6,67.6,6.9
E01008383,7.6,35.3,53.1,4
E01008384,4.6,26.8,58.1,10.5
E01008385,12.3,48.8,33.5,5.4
E01008386,0.9,27.3,57.8,13.9
E01008387,8.7,36.8,42.2,12.3
E01008396,15.5,44,32.8,7.7
E01008398,23.9,47.3,25,3.8
E01008449,10.8,29.4,31.2,28.7
E01008453,0.8,8.6,45.3,45.3
E01008455,6,23.2,42,28.8
E01033556,15.2,30.3,26.4,28.1
E01008415,2.7,48.3,44.1,4.9
E01008416,3.6,28.6,57.6,10.3
E01033547,12.7,38.2,43.3,5.8
E01008288,7,39.5,44.4,9.2
E01008289,10.9,25.6,57.2,6.4
E01008290,9.4,30,50.5,10.1
E01008291,22.9,39.1,30.6,7.4
E01008292,0.4,36.5,51.2,12
E01008388,12.1,45.4,40.3,2.1
E01008389,16.3,45.2,37.2,1.3
E01008426,7.7,24.4,64.8,3.1
E01008429,14.7,27,52.7,5.6
E01008390,15.3,38.1,42.1,4.5
E01008425,24.7,39.1,30.6,5.5
E01008427,17.7,38.2,41,3.1
E01008428,10.5,47.4,38.9,3.2
E01008441,12.4,31.3,47.4,8.8
E01008442,1.6,34,49.8,14.6
E01008444,2,28.5,46,23.6
E01008445,7.9,20.7,58.3,13.1
E01008446,2.8,37.7,43.4,16
E01008447,7.6,33.8,43.7,15
E01008448,1.8,15.8,44.8,37.6
E01008306,4.3,24.6,47.6,23.4
E01008307,17.5,34.2,30.9,17.4
E01035613,6.5,27.8,40.6,25.1
E01035614,0.2,3.6,30.7,65.5
E01035615,0.7,15.1,43.5,40.7
E01035616,1,23.4,41,34.6
E01008294,4.8,18.7,59.9,16.6
E01008311,0.3,20.9,33.3,45.5
E01008312,0.2,12.1,74.1,13.6
E01008313,0.2,7.6,74.9,17.3
E01008407,14.6,43.6,20.3,21.5
E01008410,9.7,41.9,26.9,21.5
E01008412,6,39.2,26.8,28.1
E01008413,16.9,39.7,21.4,22
E01008302,21.8,42,30.3,5.8
E01008391,8,20.1,67.1,4.7
E01008392,8.7,52.4,35,3.8
E01008432,10.5,40.4,42.8,6.3
E01008397,38.3,37.4,7.2,17.1
E01033543,52.8,36.4,7.4,3.4
E01033545,38.2,51.6,8.3,1.9
E01035617,36.5,35.6,20.6,7.3
E01008406,24.1,46,20.4,9.6
E01033548,18.1,68.4,13.1,0.5
E01033553,40.6,39.5,9.9,10
E01008333,9.6,18.5,42.2,29.6
E01008334,8.9,50.5,33.6,7
E01008335,5.5,33.2,45.7,15.5
E01035618,4,37.4,50.6,8
E01035619,17.4,47.2,32.1,3.3
E01008399,20.9,30.5,39.6,9
E01008439,32.9,27.7,30,9.4
E01035620,43.6,34.1,9.8,12.6
E01035621,38.1,36.4,12.6,13
E01008301,10.9,49.7,33.8,5.6
E01008305,22.5,28.4,43.1,5.9
E01035622,43.1,27.2,26.5,3.2
E01035623,33.3,36.2,27.1,3.4
E01008331,9.8,36.2,30.5,23.6
E01008437,19,43.6,31.6,5.8
E01008438,16.1,55.6,24.2,4.1
E01008547,2.5,17.4,23.4,56.7
E01008548,1.4,4.9,24.2,69.6
E01008549,3.7,21.4,39.9,35
E01008551,2,20.3,42.1,35.6
E01008478,24.2,36.7,34.4,4.8
E01008480,20.1,28.6,44.2,7
E01008504,0.3,29.2,47.6,23
E01008578,10.5,26,49.3,14.2
E01008583,8.6,36.7,40,14.7
E01008520,9.6,14.9,38.7,36.7
E01008523,1.6,6.9,39.9,51.5
E01008546,2,11.6,45.5,40.9
E01008550,3.6,14.1,31.9,50.4
E01008577,10.7,35.9,37.3,16.1
E01008579,3.6,41.3,43.2,11.9
E01008580,2.2,31.4,50.1,16.3
E01008581,2.7,37.6,37.7,21.9
E01008582,14,37.7,38.3,10.1
E01008517,0.7,12.4,63.8,23.1
E01008519,10.4,34.9,31.5,23.2
E01008521,2.1,48,34.6,15.4
E01008522,2.1,18.2,55.9,23.8
E01008584,16.4,31,21.5,31.1
E01008585,4.7,20.5,43.8,31
E01008587,17.4,26.7,27.3,28.7
E01008588,8.8,30.6,32.5,28.1
E01008589,2.1,6.7,61.2,30.1
E01008518,11.4,31.3,44,13.3
E01008564,2.4,28.5,48.2,20.9
E01008567,5.9,39.9,48.5,5.7
E01035625,6.1,20.8,44,29.2
E01035626,8,27.8,34,30.1
E01008475,1,31.4,50.7,16.9
E01008476,12.7,44.3,37.8,5.2
E01008477,5.1,21.9,66.8,6.3
E01008479,8.2,33,42,16.8
E01008552,1.6,36.3,46,16.1
E01008553,9.5,35.9,40.5,14.1
E01008554,8.1,6.9,64.1,20.9
E01008555,10.4,15.5,67,7.1
E01008586,14,16.7,36.4,32.9
E01008495,0.8,14.3,63,21.9
E01008496,21.8,35.8,25.9,16.5
E01008497,0.3,18,62.6,19.1
E01008498,4.5,39.9,40.3,15.3
E01008568,6.6,36.8,50.2,6.4
E01008569,13.5,36.9,45.1,4.5
E01008570,8.8,38,42.3,10.9
E01032647,0.5,14.6,35,50
E01032648,10.2,29.7,45.3,14.8
E01008500,10.6,35.8,41,12.6
E01008505,15.6,31.1,27.5,25.9
E01008506,11.8,29.7,51.7,6.7
E01008507,4.2,29.8,38.8,27.2
E01008493,1.5,23.5,50.2,24.9
E01008494,9.6,45.6,32.5,12.4
E01008556,3.8,20,48.3,27.9
E01008557,0.2,8,38.7,53.2
E01008470,15.8,32.3,42.5,9.4
E01008499,6.8,33.3,47.7,12.2
E01008502,7.9,45.8,35.6,10.6
E01008516,5.8,10.7,48.6,34.9
E01008488,13.2,24.4,57.9,4.5
E01008489,9.8,27.9,59.8,2.4
E01008490,11.2,33.4,42.9,12.5
E01008491,6.6,13.6,68.8,11
E01008558,12.5,42.8,29.9,14.7
E01008560,19.8,31,26.4,22.8
E01008561,18.4,38.2,32.9,10.5
E01008562,9.7,14.9,41.7,33.7
E01008525,9,33.9,34.3,22.8
E01008527,8.7,37.9,36.8,16.6
E01008559,10.1,45.3,27.4,17.3
E01008563,0.3,8.1,37.6,54
E01008469,7.3,38.8,28.5,25.4
E01008472,7.2,22.1,47.2,23.5
E01008473,7.5,17.9,40.4,34.2
E01008503,19.9,26.1,39.2,14.8
E01035627,4.5,14.9,39.5,41.2
E01035628,0.3,9.3,37,53.4
E01008471,4.1,12,71,12.9
E01008474,1.4,22.3,67,9.2
E01008513,10.8,40.2,44,5
E01008514,4.8,27.9,54.6,12.7
E01032649,8,61.2,27.4,3.4
E01032650,6,65.8,26,2.1
E01008486,2.5,46,47.1,4.3
E01008487,11.1,33.9,45.7,9.2
E01008526,1.7,23.7,50.6,24
E01008530,9.7,33.7,47.2,9.5
E01008461,5.7,34.5,54.2,5.7
E01008466,3.5,21.7,48,26.8
E01008467,3.4,33.5,53.2,9.9
E01008468,11.7,34.7,43.5,10.1
E01008483,10.3,43.8,32.6,13.3
E01008524,33.6,45,17.5,3.9
E01008528,5.6,38,40.8,15.7
E01008529,9.3,30.6,40.8,19.4
E01008481,2.3,33.5,59.9,4.3
E01008482,11.4,51.2,31.7,5.7
E01008484,4.6,48.3,40.8,6.3
E01008485,19.7,32.5,39.5,8.3
E01008492,7.1,35.1,49.5,8.3
E01008462,14.6,24,57.2,4.1
E01008463,6.6,22.1,64.3,7
E01008464,6.8,43.5,44.3,5.4
E01008465,5.4,39.4,43.8,11.4
E01008531,10.4,24.9,50.9,13.7
E01008532,7.8,48.2,37.8,6.2
E01008534,10.7,33.7,35.2,20.4
E01008538,1,22.6,54.5,21.9
E01008508,8.5,13.6,70.5,7.4
E01008509,13,43.1,39,5
E01008510,3.8,56.5,32.5,7.3
E01008512,16.6,41.9,39,2.5
E01008539,10.7,48.1,30.7,10.4
E01008540,14.2,26,55.3,4.5
E01008541,20.7,37.9,37.2,4.2
E01008544,36.1,35.1,21.3,7.4
E01008545,26,38.4,30.2,5.3
E01008511,10.4,40.5,44.7,4.3
E01008542,15.8,41.3,35.8,7.2
E01008543,7.2,34.1,43.8,14.9
E01008571,23.7,32.3,38,6
E01008572,10.9,62.8,21.8,4.4
E01008573,15.6,49.8,31.2,3.4
E01008574,6.6,26.2,45.7,21.4
E01008576,1.6,26.9,57.7,13.8
E01008533,9.2,34,44.3,12.6
E01008535,3,34.6,53.4,9
E01008536,16.7,37.2,30.4,15.7
E01008537,15.6,35.9,45.4,3.1
E01008575,18.8,43.6,33.5,4.1
E01008595,8.8,51.6,36,3.6
E01008596,21.9,18,45.6,14.5
E01008597,6.5,41.9,40,11.6
E01008598,8.1,37.9,25.6,28.4
E01008599,19.6,35.3,38.7,6.3
E01008664,20.5,41.1,29.9,8.5
E01008665,23,43.6,26,7.4
E01008666,18.7,43.2,33.3,4.8
E01008667,22.5,44.3,30.9,2.4
E01008668,24.9,33.3,34,7.8
E01008673,4.7,31.1,42.2,22.1
E01008675,14.4,58,24.8,2.8
E01008676,10.6,36.4,38.1,15
E01008677,9.1,35.1,45,10.7
E01008678,9.3,47.6,28,15.2
E01008647,0.4,20.6,66.1,12.9
E01008648,8.7,33.2,44.2,13.9
E01008649,8.5,19.2,63.7,8.7
E01008651,9.2,40,46.5,4.3
E01008679,9,32.7,44.6,13.6
E01008680,6.2,19.6,59.5,14.8
E01008682,13,17.7,63.7,5.7
E01008683,12.9,51.6,27.4,8.1
E01008635,1.8,45.1,43,10.1
E01008650,0.3,29.4,62.9,7.3
E01008674,0.4,17.8,59.7,22.2
E01008681,1.9,21.1,46.2,30.8
E01008600,14.6,34.7,46.8,4
E01008604,24.1,32.8,38.1,5
E01008660,15.2,25.3,39.4,20.2
E01008661,10.2,12.8,68,9.1
E01008633,0.5,31.6,62.4,5.5
E01008634,22.5,26.9,48.4,2.2
E01008636,5,14.3,75,5.7
E01008637,7.4,18.2,68,6.4
E01008639,6,38.9,48.1,7
E01008652,9.9,35.9,49.6,4.7
E01008653,0.8,45.8,39.6,13.8
E01008654,7.4,50.1,37.1,5.4
E01008655,10.2,32.7,47.6,9.5
E01008657,1.7,25.8,54.6,17.9
E01008638,2.1,49,37.8,11.1
E01008640,4.7,34.8,44.7,15.8
E01008641,11.6,43.2,37.6,7.6
E01008642,1.4,25.8,46.9,25.8
E01008590,14.8,43.8,35.8,5.6
E01008591,14.4,51,28.1,6.6
E01008592,7.7,50.2,37.9,4.2
E01008594,9.3,31,46.3,13.5
E01008601,8.8,26.1,60.8,4.3
E01008669,17.5,33,42.6,6.8
E01008671,30.6,35.1,30.8,3.5
E01008672,10.8,35.4,46.8,7
E01008622,1.2,19.6,61,18.3
E01008625,28.2,25.3,41.5,5.1
E01034512,5.3,12.2,75,7.5
E01034513,0.7,22.2,63.9,13.3
E01008602,5.6,35,52.3,7
E01008603,22.3,26.6,47.3,3.9
E01008608,5.6,54.1,38.5,1.9
E01008670,13.2,51,34.2,1.7
E01008643,6.6,22.1,60.4,11
E01008644,17,33.5,47.1,2.4
E01008645,5.4,27.4,43.2,24
E01008646,8.8,22.2,53.8,15.2
E01008656,4.9,31.2,55.6,8.3
E01008658,7.7,5.7,83.9,2.7
E01008593,5,59.3,32.7,3
E01008605,7.6,21.1,60.6,10.8
E01008606,15.7,15.3,63.9,5.1
E01008607,0.5,60.4,37.3,1.7
E01008609,4.7,46,47.7,1.7
E01008631,7.5,17.3,67.8,7.4
E01008632,15.6,25.6,46.2,12.5
E01008659,5.8,25.7,58,10.5
E01008662,5.3,18.8,70.8,5.1
E01008663,13.7,22.8,53.5,10.1
E01008624,16.6,22.2,46.7,14.5
E01008684,5.7,33.1,56.2,5.1
E01008685,7.5,29.8,43.1,19.5
E01008686,4.7,17.4,67.6,10.3
E01008687,13,33.1,39.1,14.8
E01008688,12.7,40.4,45.7,1.3
E01008689,10.6,46.7,41.7,1
E01008690,14.6,31,50.2,4.2
E01008691,2,5,76.6,16.3
E01008692,8.5,20.2,64.9,6.4
E01008627,2.2,37.4,53.5,7
E01008628,7.7,14.5,75.3,2.6
E01008629,6.1,12.4,71,10.5
E01008630,12.4,17.3,67.4,2.9
E01008610,16.3,32,48.9,2.7
E01008611,4.9,26.7,42,26.4
E01008612,7.1,30.4,41.3,21.2
E01008613,16,34.9,45,4.2
E01008616,2.5,21.1,51.7,24.7
E01008618,0.6,11.7,37.8,50
E01008619,5.1,20.8,37.2,36.9
E01008621,0.7,17.6,43.6,38.2
E01008614,3.7,13.9,72.1,10.3
E01008615,7.8,38.5,40.7,13.1
E01008617,5.8,22.9,37.1,34.2
E01008620,7.1,23.2,50.2,19.6
E01008713,3.5,13,53.4,30.1
E01008722,1.7,27.9,56.8,13.6
E01008724,0.2,12.5,64.6,22.7
E01008726,3.8,32.4,49.1,14.7
E01008723,1.2,9.7,51.8,37.4
